50
6429 4760 4064 5583 -1 4714 6653 5079 5007 7434 4885 4623 4343 6289 4108 6072 4867 5152 3952 6499 5910 6070 7263 5991 5454 4718 3607 3494 5383 5452 5965 9991 5611 3903 3704 3821 4670 7307 3137 4607 5422 5801 5380 2984 -1 5751 -1 4437 3807 5387
6440 4657 7409 5285 9189 6073 4032 7813 5367 565 2860 6336 5466 6685 5236 5644 5150 4507 -1 4782 3976 4485 5497 4322 6936 -1 3486 4332 5225 3846 2454 3563 7229 2892 6152 3684 6382 6898 5930 4044 8126 6068 4022 2464 4546 5011 4816 3120 4304 5429
7335 4038 4192 3313 -1 4500 4181 4077 3793 4044 5709 3699 3321 5368 5425 4707 2261 5449 3375 1736 5595 5098 3094 3260 4179 3333 879 2187 5211 5284 5072 3507 4799 1233 1990 1315 4486 1954 2544 4685 5382 4051 2671 7008 -1 7591 -1 1257 4599 2490
4354 7773 4053 2462 3161 2249 1104 3509 2297 5129 6442 2956 6206 3251 4354 4786 5417 1174 -1 5785 3688 2842 2250 4084 3056 -1 2405 4226 2387 1848 3437 6027 2086 4772 13283 5618 5822 4333 4062 1092 5849 3452 5702 5500 2882 5583 3368 4844 3553 1999
0 4999 9234 9222 -1 7152 9533 5845 7580 8317 6112 7216 5818 6191 6173 8442 6954 7342 9416 6829 7586 8135 8283 8602 6880 4435 6889 5581 6610 5276 7760 8355 8491 6783 8767 7103 5678 7315 9372 4615 7217 7047 5097 6299 -1 8415 -1 7308 6380 8267
7046 0 6411 4223 -1 2153 5555 1904 4887 6980 1113 3452 1782 3728 2861 3851 4511 4030 6104 5398 2860 5300 6738 8338 6139 5388 4224 4964 1611 2891 3625 10275 4513 4187 4749 4438 5715 5741 6870 4287 3082 3910 4865 1300 -1 5367 -1 2781 3687 5671
5067 3207 0 5486 -1 3416 5709 3167 5131 7466 4320 559 3045 4991 4124 4932 3444 5293 5661 6728 4123 4048 6535 10010 5135 6258 3379 2071 4818 4154 5582 9763 4667 3675 4309 3593 5275 7004 6484 6316 5039 2043 5648 4271 -1 7593 -1 4054 3931 3809
5256 2523 4779 0 -1 2373 5480 2483 4186 6521 2542 3827 2361 1736 3081 3987 2499 4250 6324 6044 3439 5879 4125 8598 6359 5313 2434 1126 3040 821 4458 8818 4438 2730 4714 2648 5680 6320 5539 4691 3915 4571 642 2729 -1 6466 -1 2930 2986 4214
-1 -1 -1 -1 -1 -1 -1 -1 -1 -1 -1 -1 -1 -1 -1 -1 -1 -1 -1 -1 -1 -1 -1 -1 -1 -1 -1 -1 -1 -1 -1 -1 -1 -1 -1 -1 -1 -1 -1 -1 -1 -1 -1 -1 -1 -1 -1 -1 -1 -1
7326 4415 6849 2070 -1 0 6017 4553 2734 5161 4391 4272 4431 3806 708 6057 3174 1877 3951 7434 5274 5805 4990 8877 3986 5850 4504 3196 4889 2891 4771 8870 4975 4800 5211 4718 6177 7306 6214 4606 4228 5756 2712 3863 -1 7054 -1 3243 1534 6284
7751 3345 8030 5624 -1 3554 0 3305 6288 6739 4458 4853 3183 1136 4262 7056 4654 5431 7505 6866 4255 6701 7745 6688 7540 5531 4929 6303 4956 4292 4789 9036 4656 2948 4932 5143 5898 7142 7694 7225 4246 6337 6193 3544 -1 7035 -1 4043 5088 4432
7181 4458 4725 6202 -1 4132 5594 0 5503 7930 4007 4968 3761 5707 3477 5770 4550 4646 6720 6075 5529 5439 7529 7902 5886 6546 4605 3297 3948 4870 3861 10989 4552 4901 5535 4819 6501 7031 7590 6624 4924 3269 6262 4194 -1 7185 -1 3939 4303 5035
4871 2186 5259 6019 -1 3949 5960 3700 0 7001 3286 4307 3578 1531 4657 4467 2979 5826 2943 5314 4656 7056 2256 6143 4661 4576 2914 1606 3784 1301 2552 6136 4918 3210 5194 3128 5819 5096 6019 2396 2009 4828 1122 3473 -1 6196 -1 3410 3466 4694
5987 4676 5510 2478 -1 408 6211 4636 3142 0 3537 3883 4514 2467 1116 4718 3230 2285 4359 7257 3618 5628 5398 9285 4394 6044 3165 1857 4035 1552 5179 9278 5169 3461 5445 3379 6411 7714 6039 5014 4636 5302 1373 3724 -1 7197 -1 3651 1942 4945
7695 3950 5637 5015 -1 2945 7226 4790 5679 8106 0 5793 5732 4150 3653 2738 5576 4822 5928 4285 4199 8269 7577 9614 6931 6122 4873 4203 498 5836 4098 9988 6184 5169 5063 5087 6029 8510 7627 3174 3555 2797 5657 187 -1 6974 -1 4764 4479 4563
5642 3039 6413 6251 -1 4580 5866 4943 4572 6907 4152 0 4821 4913 5165 4373 2885 6334 5102 6545 5123 7127 5976 9451 7574 5699 2820 1512 4650 5268 5417 9204 4824 3116 3750 3034 4716 8457 5925 5757 4874 1484 5089 3712 -1 7507 -1 3889 3372 3250
5264 4233 5067 6512 -1 4442 5488 3935 6010 8032 2962 3835 0 2024 5150 5700 4444 6319 5023 3683 1768 7250 7535 8886 8337 5321 2442 4074 3460 1109 5361 8826 4446 2738 4722 2656 5688 7679 7039 4979 4818 5081 5983 3149 -1 4548 -1 3833 4810 4222
7311 2209 6894 4488 -1 2418 7535 2169 5152 6151 3322 3717 2047 0 3126 6060 5592 4295 6369 5730 3125 5565 7003 6862 6404 7368 4489 5229 3820 3156 5834 10873 6493 4785 5438 4703 6404 6006 8000 6496 5291 5201 5130 3509 -1 6595 -1 4990 3952 6269
6897 3707 7285 6059 -1 4861 7575 4252 2026 4453 4778 5939 5489 3445 0 5514 5005 1169 3243 6726 6567 5097 4282 8169 3278 6602 4546 3632 5276 3327 4578 8162 6533 4842 5645 4760 6611 6598 8045 3898 4035 6330 3148 4965 -1 6346 -1 5436 826 6326
7533 4622 7056 2277 -1 207 6224 4760 2941 5368 4598 4479 4638 4013 915 0 3381 2084 4158 7641 5481 6012 5197 9084 4193 6057 4711 3403 5096 3098 4978 9077 5182 5007 5418 4925 6384 7513 6421 4813 4435 5963 2919 4070 -1 7261 -1 3450 1741 6491
5706 3454 6189 3574 -1 4430 3778 2876 6324 4022 2152 2033 3985 2236 5138 4890 0 6307 3855 5767 3035 7560 3091 7788 5357 3611 3325 3264 2650 4395 2532 8074 2736 3621 2972 3539 3938 7210 3040 3287 1989 3517 4216 1624 -1 5432 -1 1004 5124 5105
8619 2538 8079 6761 -1 4691 7983 4442 6323 4427 3651 5990 4320 6266 5399 6389 5845 0 2074 5572 5398 7838 6426 10822 8677 7729 5797 6284 4149 5429 6163 12181 6941 6093 4476 6011 5442 5429 7245 2729 5620 5161 5800 3838 -1 6529 -1 5209 5123 6857
6967 5847 8320 7456 -1 6994 5909 3777 6166 7334 4283 4164 6116 4576 6232 7021 4865 7401 0 3573 5166 8194 4352 8748 7488 5742 5456 5395 4781 6583 4487 11840 4867 5752 2402 5670 3368 3355 5171 655 4120 3087 6404 3755 -1 4455 -1 3135 4966 4783
6869 2274 5664 5303 -1 4427 3253 2600 5799 4678 1627 1508 3460 3965 5135 4365 2209 6304 5383 0 2510 7246 5300 7523 6463 3086 4047 2739 2125 3927 2007 9324 2211 4343 2447 4261 3413 8015 4568 3661 1464 2992 3748 1099 -1 4907 -1 479 4599 4758
4482 2622 7307 4901 -1 2831 7112 2582 5565 7992 3735 4130 2460 4406 3539 6473 6005 4708 3255 3859 0 5482 7416 10484 6569 6945 4902 5642 4233 3569 5866 11286 6070 5198 5657 5116 6623 6419 8413 3910 5323 5614 5543 3922 -1 7008 -1 4338 4365 6682
6175 5636 9026 7530 -1 5460 6615 4477 6692 8040 3504 4870 6822 7327 4666 6242 5571 5835 7909 3362 5818 0 8580 9661 1087 6448 5794 4486 4002 6654 5369 9414 5573 6090 5809 6008 6775 8374 7930 5674 4826 4458 7110 3691 -1 8269 -1 3841 5492 6224
2615 4287 4043 3901 -1 5263 4611 3709 4986 4855 2985 2866 4818 3069 3728 5723 833 4897 4688 5568 3868 5690 0 8621 6190 4444 4158 4097 3483 4722 3365 8907 3569 4454 3805 4372 4771 6837 3873 4120 2822 4350 4543 2457 -1 5730 -1 1837 3786 5938
6742 3028 7635 6827 -1 5181 4777 4602 2376 4803 4141 4151 4810 3795 3485 5864 3733 4654 5319 6957 5153 5447 4127 0 6534 3667 4896 3982 3170 3677 4650 8512 3735 5192 5090 5110 4910 7472 6773 4772 4107 5469 3498 3742 -1 7550 -1 3122 1176 6676
7529 4560 8300 6443 -1 4373 5696 4248 5605 8032 3275 5070 5790 6408 3579 5872 4652 4748 6822 7505 5892 5541 7743 8574 0 6468 4707 3399 3773 6899 5569 8327 4654 5003 5637 4921 6603 7287 7692 4587 5026 3371 6727 3462 -1 8289 -1 4041 4405 5137
5276 3965 4799 6093 -1 4174 5500 1410 4206 6541 2826 3847 3701 1756 4799 4007 2519 5968 6374 5416 4627 6761 5610 6485 4763 0 2454 1146 3324 841 4478 6238 4458 2750 4734 2668 1243 5198 5559 2498 3935 4591 662 3013 -1 6298 -1 2950 3006 4234
2822 2079 6576 5096 -1 4232 3046 3512 5965 5590 2539 1393 3861 3758 4940 4404 2002 6109 5558 4542 2303 7039 5093 6631 6256 2879 0 2905 3037 3720 2919 6384 2004 296 2280 214 3246 7820 5042 4573 2376 2877 3541 892 -1 4700 -1 1391 4765 1780
4130 3387 4901 4947 -1 3068 4354 4249 3060 5395 3525 2701 5169 3609 3653 2861 1373 4822 5228 5850 3611 5615 4464 7939 6062 4187 1308 0 4023 3756 3905 7692 3312 1604 3588 1522 4554 8156 4413 4660 3362 3445 3577 2200 -1 6008 -1 2377 1860 3088
7835 6061 5139 7608 -1 5538 6728 5940 6765 8465 2593 5295 7247 6563 6173 5331 5078 7342 5430 3787 5985 8135 7079 11123 9222 6561 5013 3705 0 6377 5607 11397 5686 5309 4565 5227 5531 8785 7129 2676 5064 2299 6198 2780 -1 6476 -1 4266 5565 4065
7227 3124 3958 5403 -1 3333 7302 3084 4901 7066 1985 4517 2962 915 4041 4723 4470 5210 6469 5919 4040 6480 7157 7777 7319 7284 4405 3097 2483 0 6083 10789 6260 4701 6353 4619 7319 6570 7510 3870 5540 4104 6023 2172 -1 5645 -1 5474 3701 5870
7015 5704 6391 4970 -1 5913 7239 5196 5945 8280 4565 5586 5542 3495 6273 5746 4258 7442 5474 6825 6366 8235 7349 5516 8585 7072 4193 2885 5063 2580 0 10062 6197 4489 6473 4407 6342 8366 6268 6129 5108 6065 2401 4752 -1 8078 -1 4689 4745 5973
5850 2740 7278 5633 -1 4893 5024 4381 2623 4629 3408 3289 4522 4042 979 6111 3980 202 2276 1781 4291 5694 3235 247 4257 3914 5143 4229 3417 3924 3788 0 3982 5439 4228 5357 5157 5631 6349 2931 3245 4773 3745 2880 -1 6688 -1 2260 1423 6539
8348 2972 7119 3092 -1 4172 1042 2394 5099 7357 3850 5471 3801 1754 3073 5037 5272 4242 6316 5754 4879 5035 7208 7306 6122 6149 5526 4218 4348 3913 5407 7592 0 3566 4616 5740 5582 7760 7385 2805 4864 4766 3734 4037 -1 6605 -1 4661 3899 4116
6489 4359 6280 4800 -1 4315 2750 3216 6415 5294 2243 2124 4076 3462 4781 4108 1706 5950 5262 4779 2007 6743 4797 6335 5960 2583 4663 3355 2741 3424 2623 6088 1708 0 1984 4877 2950 7781 4746 4277 2080 3608 3245 596 -1 4404 -1 1095 5215 1484
5876 4801 5918 5557 -1 4624 3507 1375 5856 4932 1881 1762 3714 4219 3830 4619 2463 4999 3584 2795 2764 5792 5554 7777 5086 3340 3054 2993 2379 4181 2261 9438 2465 3350 0 3268 966 6939 2769 3048 1718 3246 4002 1353 -1 3757 -1 733 4656 2381
2608 1865 6362 4882 -1 4018 2832 3298 5751 5376 2325 1179 3647 3544 4726 4190 1788 5895 5344 4328 2089 6825 4879 6417 6042 2665 3999 2691 2823 3506 2705 6170 1790 82 2066 0 3032 7606 4828 4359 2162 2663 3327 678 -1 4486 -1 1177 4551 1566
7590 4867 5134 6611 -1 4541 6003 409 5912 8339 2802 5377 4170 6116 3886 5540 4865 5055 5577 6003 5419 5848 7457 8311 6295 5995 4800 3492 3300 5279 4270 11184 4961 5096 4385 5014 0 7440 7154 5976 5333 3464 6657 2989 -1 7594 -1 4348 4712 3885
3612 2492 5040 4898 -1 4645 3471 2818 4705 4896 1845 1726 3678 4066 4725 4583 1830 5894 5601 218 2728 5954 997 7741 6681 3304 4265 2957 2343 4145 2225 9542 2429 3624 2665 3542 3631 0 4786 3879 1682 3210 3966 1317 -1 3203 -1 697 3505 4976
4487 3744 5258 5304 -1 3425 4711 4592 3417 5752 3882 3058 5526 3966 4010 3218 1730 4004 815 4388 3968 5972 4821 8296 2317 4544 1665 357 4380 4113 4262 8049 3669 1961 3217 1879 4183 4170 0 1470 3719 3802 3934 2557 -1 5270 -1 2734 2217 3445
6670 5223 8354 6801 -1 7376 6202 5549 5511 7627 4576 4457 6409 5463 6620 7314 5158 7789 7437 2949 5459 8582 4403 10472 9412 6035 6996 5688 5074 6812 4956 11301 5160 7275 5396 7210 6362 8872 7517 0 4413 5941 6633 4048 -1 3800 -1 3428 4311 7707
7558 3131 4200 5513 -1 4746 6899 3977 5754 7834 3352 4759 4913 4038 4305 4539 4801 5474 3983 7368 5841 6267 7892 6059 7330 2567 4736 3428 3850 3123 543 8805 5857 4915 6385 4950 3810 7338 6811 4638 0 4574 2944 3539 -1 5059 -1 5232 4643 6340
7775 6038 7443 7423 -1 5353 5568 3641 5900 6993 3942 3823 4982 4264 3874 6680 4524 5043 3618 5061 4279 5836 7615 9838 6923 5401 4953 5054 4440 6091 4322 11337 4526 5249 2266 5167 3232 6973 4830 4273 3779 0 6063 3414 -1 6023 -1 2794 4700 1766
4614 3303 4137 5431 -1 3512 4838 3263 3544 5879 2164 3185 3141 1094 4137 3345 1857 5306 5712 6098 3965 6099 4948 7956 6546 4671 1792 484 2662 179 3816 8176 3796 2088 4072 2006 5038 6749 4897 4049 3273 3929 0 2351 -1 5824 -1 2288 2344 3572
9414 3763 8839 5301 -1 5916 8525 4603 8650 9566 4876 7215 5545 3963 6624 7614 7481 7793 8031 7963 6623 9063 9417 9515 9902 8358 7735 6427 5374 6122 7388 9801 7483 5775 7759 7949 7930 9504 10521 5014 6845 7673 5943 0 -1 8814 -1 6544 7450 7259
-1 -1 -1 -1 -1 -1 -1 -1 -1 -1 -1 -1 -1 -1 -1 -1 -1 -1 -1 -1 -1 -1 -1 -1 -1 -1 -1 -1 -1 -1 -1 -1 -1 -1 -1 -1 -1 -1 -1 -1 -1 -1 -1 -1 -1 -1 -1 -1 -1 -1
2870 6358 11043 8637 -1 6567 9108 6318 9301 10300 7471 7363 6196 4149 7275 10209 8064 8444 9185 9699 7274 9714 11152 11011 9750 7305 8638 8451 7969 7305 7862 11225 8066 8934 8302 8852 8548 10155 8370 7485 7319 8847 7967 3684 -1 0 -1 6334 8101 10418
-1 -1 -1 -1 -1 -1 -1 -1 -1 -1 -1 -1 -1 -1 -1 -1 -1 -1 -1 -1 -1 -1 -1 -1 -1 -1 -1 -1 -1 -1 -1 -1 -1 -1 -1 -1 -1 -1 -1 -1 -1 -1 -1 -1 -1 -1 -1 -1 -1 -1
6390 4068 5185 4824 -1 4093 2774 2121 5320 4199 1148 1029 2981 3486 4801 3886 1730 5970 4904 4763 2031 6767 4821 7044 5984 2607 3568 2260 1646 3448 1528 8845 1732 3864 1968 3782 2934 7805 4089 3182 985 2513 3269 620 -1 4428 -1 0 4120 4279
6071 3386 6459 6105 -1 4035 6766 3426 1200 3627 3952 5113 4666 2619 2309 4688 4179 3478 4143 5900 5744 4271 3456 7343 5358 5776 3720 2806 4450 2501 3752 7336 5724 4016 6000 3934 6966 6296 7219 3596 3209 6028 2322 4139 -1 7396 -1 4610 0 5500
6376 5301 5677 6057 -1 5124 4007 1875 6356 5432 2381 2262 4214 4719 4330 5119 2963 5499 4084 3295 3264 6292 6054 8277 5586 3840 3554 3493 2879 4681 2761 9938 2965 3850 500 3768 1466 7439 3269 3548 2218 3746 4502 1853 -1 4257 -1 1233 5156 0
8787 7701 8048 7372 10416 8666 6912 4259 6842 7911 5751 5609 6686 4084 8245 7853 2516 6594 -1 7653 6414 4493 7584 5205 9179 -1 7120 5876 10170 7367 7624 7117 8237 9609 7902 5749 3356 9471 8173 6924 7190 8155 7304 7919 6296 6238 7192 7939 6742 7179
5346 3665 3049 3519 5417 4902 2934 5473 2806 2912 2090 6016 6151 6752 4086 3855 3494 3929 -1 3126 1415 6637 3731 4202 5252 -1 5833 877 6243 4891 4801 4471 4118 5239 4496 2914 6823 6778 4246 2946 5786 4302 3399 4066 2890 1239 3860 3961 1743 3773
3282 4429 5831 3862 8624 2009 3804 7430 4069 6119 3353 7764 5147 6996 5491 1580 4767 3084 -1 4399 2678 6194 4074 4446 5461 -1 3610 2140 6452 3857 6135 5995 7325 7970 5769 4177 6620 7022 4455 3100 7743 4645 3794 4409 4163 4446 5133 4831 3006 5046
5637 3484 4754 2917 6756 4537 2859 6306 3385 5435 2669 5520 6371 6051 4335 4434 3643 2139 -1 3275 1994 4569 3129 3501 4184 -1 2665 1456 5715 2912 3169 2662 2299 5499 4645 3493 4210 6077 3718 2871 6619 3700 2849 3464 3039 2668 2473 3886 2322 2386
-1 -1 -1 -1 -1 -1 -1 -1 -1 -1 -1 -1 -1 -1 -1 -1 -1 -1 -1 -1 -1 -1 -1 -1 -1 -1 -1 -1 -1 -1 -1 -1 -1 -1 -1 -1 -1 -1 -1 -1 -1 -1 -1 -1 -1 -1 -1 -1 -1 -1
4099 4667 6824 4987 7621 5722 3396 6619 5455 7327 2595 6214 3998 4599 5256 6269 3136 4209 -1 2768 4064 4484 5199 2049 5399 -1 4735 3526 6390 3587 5239 4732 4369 7569 4056 3419 5075 4625 4393 3408 6932 5770 4919 5534 3352 4517 4322 4423 4392 4235
7071 4370 6394 4920 8762 6303 3077 6637 3511 6257 3491 7792 7552 7498 4933 5250 4756 4634 -1 4388 2816 7907 5132 3627 1125 -1 7543 2278 7390 5067 6640 5635 7463 4899 5758 4315 6762 8179 5393 3089 6950 5703 5344 5467 4152 4584 5122 4104 3144 5035
6138 5644 6856 1615 8311 3235 4092 7315 4785 7370 2558 4855 5898 7368 5952 5930 1762 4310 -1 4284 3394 7253 1827 4818 6295 -1 4836 3750 7286 4963 3888 4707 8501 4803 5654 3053 7614 7394 5289 2985 6022 2398 5020 2162 4048 4133 3938 2818 3722 3851
6117 3964 5235 3397 4887 5017 3339 4400 4343 5098 3846 4125 4673 1865 3037 5651 3511 2619 -1 3755 3211 2274 3609 3981 5204 -1 3145 2673 6195 3392 3649 3142 6304 5294 1322 4670 2341 1891 4198 3351 4713 4180 3329 3450 3519 3412 3217 3596 3539 4402
4507 4215 6967 3648 7841 5268 3590 7027 4594 6821 2418 6037 4406 5007 5066 4613 3544 2870 -1 3176 4147 4892 3860 1872 5455 -1 3396 3609 6446 3643 3900 3393 4777 6230 4464 3242 23 5033 4449 3602 7340 4431 3580 4195 2963 3663 3468 4617 4471 3846
4233 4314 6585 5994 4304 5176 4605 5946 3455 5527 5059 4903 6943 7544 2973 5194 5477 4578 -1 5109 5365 6461 5077 4994 4139 -1 5742 4827 5130 5000 5235 4944 7314 7854 6479 5883 7662 7570 3133 4617 6259 6777 2286 4663 4873 126 3022 5142 5076 5237
2723 3870 5272 3303 8456 1450 3245 7265 5019 5951 4110 7486 7586 6437 5055 6118 4518 2525 -1 4150 4454 5635 3515 3887 4902 -1 3051 3916 5893 3298 5576 6263 7157 8278 5604 4741 6061 6463 3896 3257 7578 4086 3235 3850 3998 4278 4968 4272 3763 4881
5641 1883 6244 5550 7266 5047 2867 6732 1024 6098 4379 5808 7560 7288 2446 2763 4546 2147 -1 4178 3704 4857 4550 5325 6189 -1 4489 3166 7180 4412 3457 2950 8247 5787 5548 5203 7056 7901 5183 2879 7426 6333 2857 4885 3942 3088 2893 3894 4032 2806
5935 3930 5258 3784 7626 5167 4914 7682 3071 5121 2355 6766 6416 7017 4493 4120 3931 4194 -1 5186 1680 6902 3996 4467 7461 -1 6536 1142 8452 5580 5504 4997 6327 3763 6474 3179 6174 7043 6455 4926 6566 4567 4904 4331 5099 3448 4940 4987 2008 4853
3391 5596 6514 5423 6913 6615 4971 6426 6369 6619 1887 5506 3290 3891 5063 7562 2428 4251 -1 2060 5122 3776 5207 1341 7230 -1 5171 4584 8221 5418 5675 5168 6310 7208 3348 2711 4367 3917 6224 4983 6739 6206 4961 5476 5545 4904 4709 5622 5450 4622
4306 4874 6209 5194 7828 5929 3603 6826 5662 7534 2802 6421 4205 4806 5463 6476 3343 4416 -1 2975 4271 4691 5406 2256 5606 -1 4942 3733 6597 3794 5446 4939 4576 7776 4263 3626 5282 4832 4600 3615 7139 5977 5126 5741 3559 4724 4529 4630 4599 4442
3138 1493 4779 4491 5722 3483 1157 4380 5009 6366 4561 4810 5369 5578 3017 4030 1717 4277 -1 1349 3916 4388 4703 4727 2225 -1 4803 3378 3216 413 5279 3378 5873 5999 2719 5174 3176 8215 1219 1169 4693 4723 3723 4165 1113 2278 2083 2184 4244 1996
2222 5698 5587 6057 7955 7440 5362 8011 5344 5450 4628 4352 8689 8188 6624 6393 1259 5502 -1 891 3953 2607 6269 5638 7790 -1 6719 3415 7985 4618 7339 5538 6656 7723 6924 5452 4450 8214 6784 5374 8324 6840 5937 6604 5318 3777 6288 6389 4281 6201
5531 3624 6805 5392 6983 5614 3288 6511 6622 8759 5313 2384 7500 7709 5137 6161 3848 6408 -1 3480 6256 533 4582 5481 6107 -1 4645 5718 7098 2544 6785 3464 5927 5649 4850 5808 4437 8057 5101 3300 6648 6175 5854 4917 3244 4409 4214 4315 5366 4127
1958 3669 5323 4215 5931 2958 632 3855 4484 5186 4036 4285 5337 5053 2492 3505 1192 3752 -1 824 3689 5462 4427 5114 3954 -1 4278 3151 4945 2589 4754 2853 5972 7403 2194 4860 4701 7690 2948 644 4168 4998 3198 3640 588 1753 1558 1659 4017 1471
5817 4343 5671 4197 8039 5580 4491 7714 3484 5534 2768 5639 6581 7430 4906 995 4344 4607 -1 4683 2093 3788 4409 4880 7813 -1 6949 1555 8804 5799 5917 5410 6740 7385 6053 3592 7501 7456 6807 4503 8027 4980 5317 4744 4447 3861 5353 5400 2421 5266
5320 6613 8045 6092 6261 4424 3994 7217 6959 8548 3747 5906 1099 5143 5854 6813 2813 5499 -1 4186 7051 5552 3016 6007 7316 -1 6025 6513 8307 5533 8116 6215 4119 8997 5556 4242 7598 8583 6310 4006 7530 6875 5790 3351 3950 3630 3435 4007 6737 3348
3971 2326 4527 5324 2631 4316 1990 5213 5842 7085 2480 4348 6202 6411 3850 4863 1255 4844 -1 2182 4749 5221 5536 1934 3058 -1 3465 4211 4049 1246 2433 3542 6200 6832 3552 3304 85 6877 2052 2002 5526 5556 4556 4998 1946 3111 2916 3017 5077 2829
5817 2412 6077 5773 6758 5601 3275 6498 5834 5760 2237 5856 5918 4241 5135 6148 3835 4601 -1 3467 4443 4650 5985 1691 5478 -1 855 3905 6469 4146 6025 5496 7146 7558 3698 3061 4212 4267 4472 2168 6811 6556 5311 5164 3231 4267 4201 4302 4771 4114
6240 5757 6958 5190 5174 3337 4014 7417 6730 7472 2660 6316 12 4056 6054 6032 4754 4412 -1 4386 5975 4465 1929 4920 6397 -1 4938 5437 7388 5065 7313 5278 3032 9051 5756 3155 7369 7496 5391 3087 7162 5973 5122 2264 4150 3401 3206 2920 5650 3119
5657 3504 6256 2937 7130 4557 2879 6326 3883 6110 3880 4227 2251 1967 4355 5622 2933 2159 -1 3295 3436 2376 3149 3521 4744 -1 2685 2898 5735 2932 3189 2682 3802 5519 4665 4375 5695 6097 3738 2891 5073 3720 2869 3484 3059 2952 2757 3906 3760 3889
4116 1050 3802 4696 6843 2843 425 4767 4885 3656 3829 5197 5130 4846 3404 3298 2104 3918 -1 1736 3494 5255 4460 5280 3747 -1 4444 2956 4738 2415 5545 3765 5805 5983 3106 4653 5178 7856 2741 437 5080 5479 415 3433 1500 2665 2470 1452 3822 2383
4511 2358 5110 1791 7095 3411 1733 5753 6193 4964 2734 6183 6074 4925 4390 4606 3090 1013 -1 2722 4802 5334 2003 2375 3598 -1 1539 4264 4589 1786 4064 4751 7113 7291 4092 3229 4549 4951 2592 1745 6066 2574 1723 2338 2486 3651 3456 2760 5130 3369
5745 5582 6087 5496 6897 4678 4107 7455 5834 8120 4925 4405 7589 8528 2475 6719 4979 4718 -1 4611 6914 5963 4579 6080 6732 -1 5244 6938 7723 4502 4737 5485 8090 10326 5981 5749 7164 8656 5726 4119 7768 6279 4879 4914 4375 2719 2524 5134 4578 5258
6218 4845 6173 4699 6289 4070 4830 7931 3986 6036 3270 4699 7331 6766 3514 5035 3656 4110 -1 5819 2595 3748 4911 4216 6124 -1 3380 2057 7115 4883 2348 1841 7242 4678 6223 4094 6276 6792 5118 4693 7481 5482 4271 5246 5583 2111 1916 5565 2923 5768
7396 5243 7995 4676 8869 6031 4618 7499 5622 7849 5354 5605 7633 7619 2519 7361 5402 3898 -1 5034 5175 6007 4623 5260 6483 -1 4424 4637 7474 4671 4781 846 7269 7258 6404 5849 7434 7836 5477 4630 2161 5459 4608 4958 4798 4691 4496 5614 5499 5313
2424 2659 5308 5996 5866 4739 2413 5636 5546 5652 2484 561 4269 4488 4273 5286 1461 4848 -1 1093 4155 2809 6186 1938 4284 -1 1102 3617 5275 4370 5668 4634 6858 7805 3945 3308 3320 4514 3278 2415 5949 6779 4590 5411 2369 3534 3339 3440 4483 3252
2656 5412 6021 4009 8154 5629 3695 7255 4553 5884 1825 4534 6134 6964 5892 5246 4156 5231 -1 5006 3434 6849 4221 4245 1743 -1 5757 2896 2734 4758 6261 5614 5391 5517 6376 2649 7293 6990 737 3707 7568 4792 5941 1429 4770 3976 3781 2085 3762 5478
4364 3199 3506 4831 6547 3574 129 4471 5100 5936 3533 4901 4834 4550 3108 3002 1808 4368 -1 1440 4100 4959 4164 5730 3451 -1 4894 3562 4442 2119 5370 3469 5509 7225 2810 4357 4882 8306 2445 141 4784 5614 2695 3137 1204 2369 2174 1156 4428 2087
4485 1222 4403 2990 6185 3212 886 4109 4738 6693 2911 4539 5098 5307 2746 3759 1446 4006 -1 1078 4769 4117 2180 5171 4208 -1 4532 4319 5199 142 5008 3107 3525 6178 2448 3406 4955 7747 3202 898 4422 3773 3452 2515 842 2007 1812 1913 5097 1725
3902 3281 3588 4482 6629 2629 211 4553 4671 3442 3615 4983 4916 4632 3190 3084 1890 3704 -1 1522 3280 5041 4246 5066 3533 -1 4230 2742 4524 2201 5331 3551 5591 5769 2892 4439 4964 7642 2527 223 4866 5265 201 3219 1286 2451 2256 1238 3608 2169
6547 5607 5907 2024 7106 3430 3541 7724 5194 7520 2967 4783 6307 7777 5690 6339 1690 4505 -1 4693 3803 6110 2236 5227 6704 -1 5031 4159 7695 4527 4297 5116 2559 5212 6063 3462 6896 7803 5698 3394 6431 2807 5088 2571 4457 2928 2733 3227 4131 2646
2176 3323 5524 4433 3628 3176 850 4073 4702 5404 3477 4503 5555 5271 2710 3723 1410 3970 -1 1042 3907 5680 4645 2931 4055 -1 4462 3369 5046 2243 3430 3071 6190 7621 2412 4301 1082 6596 3049 862 4386 5216 3416 3858 806 1971 1776 1877 4235 1689
4868 2715 5467 2148 7452 3768 2090 6110 6550 5321 3091 3199 2329 4620 4747 4963 3447 1370 -1 3079 5159 1348 2360 2732 3955 -1 1896 4621 4946 2143 4421 4279 5349 6464 4449 3586 4906 5308 2949 2102 6423 2931 2080 2695 2843 4008 3813 3117 5487 3726
4907 5547 6476 7164 7034 5907 3581 6804 7433 8135 5372 1729 8286 7376 4482 6454 4141 6701 -1 3773 6638 6050 6586 4826 5452 -1 3990 6100 6443 5538 6744 2809 8921 9226 5143 6196 4488 7402 4446 3593 7117 7947 5758 6589 3537 4702 4507 4608 6966 4420
7443 5786 6180 5219 7656 4540 4717 2391 5937 6043 3863 6148 4818 4534 1028 5632 5500 4441 -1 5577 4546 4516 3132 5158 7026 -1 4322 4008 7192 5214 3290 1389 6369 7801 6947 3881 7218 7645 6020 4290 2704 6002 5151 3467 5341 3478 3283 1587 4874 3822
6206 3283 3788 5256 8246 5273 2947 6170 3535 8609 2626 6002 6935 7368 3571 5274 3034 4658 -1 2666 4615 4151 4446 5215 6269 -1 6593 4971 7260 2203 5833 5168 5791 8027 4509 3450 7016 7791 5263 2959 6483 6039 5368 4781 2903 4068 3873 3974 2279 3786
4995 2842 5594 2275 6468 3895 2217 5664 3221 5448 3218 4878 6558 5409 3693 4960 3001 1497 -1 2633 2774 3927 2487 2859 4082 -1 2023 2236 5073 2270 2527 2020 7421 4857 4003 3713 5033 5435 3076 2229 5977 3058 2207 2822 2397 2290 2095 3244 3098 3280
4046 7428 6812 6218 9180 7838 5904 9236 6569 5340 5853 6743 9914 10325 5076 5927 6365 7440 -1 6889 5178 8564 6430 6454 3952 -1 7966 4640 4943 7894 7229 7823 7600 7667 8259 6677 9502 10541 2946 5916 9549 7001 2099 6765 6653 5002 7623 6931 5506 7536
-1 -1 -1 -1 -1 -1 -1 -1 -1 -1 -1 -1 -1 -1 -1 -1 -1 -1 -1 -1 -1 -1 -1 -1 -1 -1 -1 -1 -1 -1 -1 -1 -1 -1 -1 -1 -1 -1 -1 -1 -1 -1 -1 -1 -1 -1 -1 -1 -1 -1
7730 6823 9407 7933 10366 8813 6487 7129 7220 9024 6504 8479 9556 6954 8347 8269 5386 8343 -1 6679 5829 7363 8145 8075 7636 -1 9990 5291 8627 5743 9653 8708 10476 7912 8049 7328 6226 11192 6630 6499 7829 8716 5783 8480 6443 7597 7413 7514 6157 7326
-1 -1 -1 -1 -1 -1 -1 -1 -1 -1 -1 -1 -1 -1 -1 -1 -1 -1 -1 -1 -1 -1 -1 -1 -1 -1 -1 -1 -1 -1 -1 -1 -1 -1 -1 -1 -1 -1 -1 -1 -1 -1 -1 -1 -1 -1 -1 -1 -1 -1
3752 3190 5927 3736 5452 2479 153 3376 4005 5960 3557 3806 4858 4574 2013 3026 713 3273 -1 345 4124 4983 3948 4635 3475 -1 3799 3586 4466 2110 4275 2374 5493 6924 1715 4381 4222 7211 2469 165 3689 4519 2719 3161 109 1274 1079 1180 4452 992
4641 4770 5688 4597 6087 6037 4145 5600 5543 6298 1061 4680 5370 3065 4237 6739 4711 3425 -1 4369 4299 3474 4809 515 6404 -1 4345 3761 7395 4592 4849 4342 7504 6382 2522 1885 3541 3091 5398 4157 5913 5380 4135 4650 4719 4078 3883 4796 4627 3796
4985 1722 2022 3490 6685 3712 1386 4609 5238 7193 3411 5039 5598 5807 1805 4259 1946 4506 -1 1578 5269 4617 2680 5671 4708 -1 5032 4819 5699 642 4067 3607 4025 6678 2948 3906 5455 8247 3702 1398 4922 4273 3952 3015 1342 2507 2312 2413 5597 2225
0 3981 3365 3835 5733 5218 3250 5789 3122 3228 2406 6332 6467 7068 4402 4171 3810 4245 -1 3442 1731 6953 4047 4518 5568 -1 6149 1193 6559 5207 5117 4787 4434 5555 4812 3230 7139 7094 4562 3262 6102 4618 3715 4382 3206 1555 4176 4277 2059 4089
8534 0 11083 8518 10234 7261 6669 11011 8787 11457 9425 8405 11200 11090 8903 9542 8348 7760 -1 7980 8750 10190 8730 9122 7059 -1 8286 8212 10982 7959 8790 8283 11058 10833 6497 9956 10024 11698 8985 6681 11324 9301 8216 9065 4891 6056 5861 7696 9078 5774
7184 5713 0 7651 9367 6394 2949 7291 4854 8756 6353 7721 7654 7370 5928 5822 4628 5977 -1 4260 6920 7779 7863 7921 6271 -1 7714 6382 7262 4939 8190 6289 9205 10045 5630 7177 7702 10497 5265 2961 7604 8434 5515 5957 4024 5189 4994 3976 7248 4907
4523 4040 5241 0 6696 1620 2477 5700 5189 5755 943 4725 4283 5753 4337 4315 3037 2695 -1 2669 4258 5638 212 3203 4680 -1 3221 3720 5671 3348 2273 3382 6961 7782 4039 1438 6111 5779 3674 1370 6013 783 3405 547 2433 2518 2323 1203 3933 2236
5723 3332 5711 4187 0 3893 2707 7049 4655 5938 3939 6790 5393 6223 5605 5580 4386 3409 -1 4018 3264 5839 4399 3673 3038 -1 3935 2726 6985 4182 4439 3932 3569 6769 5388 1908 5288 6249 4988 2719 7362 4970 2697 4734 3782 3938 3743 3734 3592 3656
4365 2420 3822 1853 7157 0 1795 5815 3569 5026 2660 6036 6136 4987 3605 4668 3068 1075 -1 2700 4649 4185 2065 2437 3452 -1 1601 4326 4443 1848 4126 4813 5825 7226 4154 3291 4611 5013 2446 1807 6128 2636 1785 2400 2548 3713 3518 2822 2313 3431
4235 3070 5774 4702 6418 3445 0 4342 4971 5807 3404 4772 4705 4421 2979 2873 1679 4239 -1 1311 3971 4830 4914 5601 3322 -1 4765 3433 4313 1990 5241 3340 6256 7096 2681 4228 4753 8177 2316 12 4655 5485 2566 3008 1075 2240 2045 1027 4299 1958
5305 3680 3789 3113 6157 4733 2653 0 3546 3652 2540 4403 2427 2143 4531 4595 3109 2335 -1 3471 2155 2552 3325 3255 4920 -1 2861 1617 5911 3108 3365 2858 3978 5695 4841 1490 5871 5831 3914 2665 5249 3896 3045 3660 3235 1979 2933 3680 2483 4065
5534 859 5220 4526 6242 4023 1843 5708 0 5074 3512 6383 6536 6264 1422 1739 3522 1123 -1 3154 2837 4532 3526 5425 5165 -1 4589 2299 6156 3833 3684 4793 7223 7401 4524 4336 6032 8001 4159 1855 6402 5309 1833 3861 2918 2064 1869 2870 3165 1782
5875 4361 6922 6129 8624 5508 4025 7248 4802 0 2295 7678 6604 6307 4671 5079 4585 5925 -1 4217 3411 6716 5319 3757 6371 -1 2921 3767 7362 3281 1889 2998 6664 2327 5587 3119 5817 6333 5365 4037 7561 6912 4518 1899 3981 4446 4251 2555 3739 4864
3580 6844 4627 3980 8161 5600 6219 7674 6702 6808 0 6754 4309 5139 6311 7751 3676 5499 -1 3308 5311 5024 4192 2589 6217 -1 6419 4773 7208 6666 6253 6416 7329 7168 4596 824 5615 5165 5211 5350 7987 4763 6209 4527 6413 5135 5957 5183 5639 5870
3178 4889 4747 5435 5305 4178 1852 5075 5704 6406 5154 0 6557 6273 3712 4725 2412 4972 -1 2044 4909 6682 5647 4608 3723 -1 5498 4371 4714 3809 5107 4073 7192 7497 3414 5978 2759 8910 2717 1864 5388 6218 4029 4860 1808 2973 2778 2879 5237 2691
8322 6377 7779 5810 6732 3957 5752 9772 7526 8983 6617 9993 0 8944 7562 8625 7025 5032 -1 6657 8606 8142 6022 6394 7409 -1 5558 8283 8400 5805 8083 8770 9782 11183 8111 7248 8568 8970 6403 5764 10085 6593 5742 6357 6505 7670 7475 6779 6270 7388
5407 3617 6751 7284 6859 6133 4081 7304 2758 7832 5456 2260 2808 0 4180 4497 4641 3881 -1 4273 5438 409 4725 5357 5983 -1 4521 4900 6974 5166 5191 3340 5828 5525 5643 5951 4313 7933 4977 4093 3106 8067 4591 5060 4037 4822 4627 5108 5242 4540
6415 4851 7133 5365 7254 3512 3689 4980 6405 7647 2835 5339 5114 6680 0 5452 4929 4587 -1 4561 6150 3488 2104 4130 6572 -1 3294 5612 6164 4979 2262 3371 6429 8580 5931 3330 6190 6706 5566 3262 5293 6148 5236 2439 4325 3076 2881 3095 5825 2794
5353 3348 4676 3202 7044 4585 4332 7100 2489 4539 1773 6184 5834 6435 3911 0 3349 3612 -1 4604 1098 6320 3414 3885 6879 -1 5954 560 7870 4998 4922 4415 5745 6390 5892 2597 6506 6461 5873 4344 7413 3985 4322 3749 4517 2866 4358 4405 1426 4271
6271 5588 7840 8461 8398 7271 4945 7092 7826 5830 4925 3093 8962 6929 5729 5337 0 4243 -1 5137 6435 7338 7833 4379 6816 -1 8209 5897 7807 6902 7719 6090 10285 8157 6386 5749 5852 6955 5810 4957 7405 9244 4953 7729 4901 6066 5871 5972 6763 5784
4411 1345 4097 4991 7138 3138 720 5062 5180 3951 4124 5492 5425 5141 3699 3593 2399 0 -1 2031 3789 5550 4755 5575 4042 -1 4739 3251 5033 2710 5840 4060 6100 6278 3401 4948 5473 8151 3036 732 5375 5774 710 3728 1795 2960 2765 1747 4117 2678
-1 -1 -1 -1 -1 -1 -1 -1 -1 -1 -1 -1 -1 -1 -1 -1 -1 -1 -1 -1 -1 -1 -1 -1 -1 -1 -1 -1 -1 -1 -1 -1 -1 -1 -1 -1 -1 -1 -1 -1 -1 -1 -1 -1 -1 -1 -1 -1 -1 -1
6639 5956 8208 8829 8766 7639 5313 7460 8194 6198 5293 3461 9089 7297 6097 5705 368 4611 -1 0 6803 7706 8201 4747 7179 -1 6827 6265 7094 5367 8087 5646 9751 8525 6754 6117 6220 7323 6173 5325 7773 9612 5321 8097 5269 6434 6239 6340 7131 6152
4255 2250 4472 2998 6840 3487 3234 6896 1391 4335 675 5980 4736 5337 2813 3130 3145 2514 -1 3506 0 5222 3210 2787 6137 -1 4856 356 7128 3900 3824 3317 5107 6076 4794 1499 5408 5363 5131 3246 7209 3781 3224 3545 4090 2662 3260 4201 328 3173
4998 5669 6342 7255 6450 5998 3672 6895 6089 8226 5180 1851 8377 7498 4604 6545 4232 6792 -1 3864 5723 0 6708 4948 5574 -1 4112 5185 6565 4757 6252 2931 8345 5116 5234 6004 3904 7524 4568 3684 6115 8038 5880 6680 3628 4793 4598 4699 4833 4511
4311 3828 5029 3261 7060 1408 2265 5488 4977 5543 731 5918 4711 5541 4125 4103 2825 2483 -1 2457 4046 5426 0 2991 4468 -1 3009 3508 5459 3136 5384 3349 6749 7570 3827 1226 5899 5567 3462 1158 5801 4044 3193 335 2221 2882 2687 991 3721 3104
4126 4255 5173 4526 7741 5522 3630 7972 6892 6861 546 4165 4855 5685 6410 6503 4222 2910 -1 3854 5857 5570 4738 0 6763 -1 6088 5319 7754 5466 6799 6505 7485 7714 5142 1370 3135 5711 5757 3642 8285 5309 3620 5073 4705 3563 3368 4657 6185 3281
5946 3941 5269 3795 7637 5178 1952 5512 3082 5132 2366 6667 6427 6373 4149 4131 3631 4205 -1 3263 1691 6782 4007 2502 0 -1 6418 1153 6265 3942 5515 4510 6338 3774 4633 3190 5637 7054 4268 1964 5825 4578 4518 4342 3027 3459 3997 2979 2019 3910
-1 -1 -1 -1 -1 -1 -1 -1 -1 -1 -1 -1 -1 -1 -1 -1 -1 -1 -1 -1 -1 -1 -1 -1 -1 -1 -1 -1 -1 -1 -1 -1 -1 -1 -1 -1 -1 -1 -1 -1 -1 -1 -1 -1 -1 -1 -1 -1 -1 -1
4962 1557 6009 4918 6408 4746 2420 5643 5864 6619 1382 5001 5691 3386 4280 5293 2980 3746 -1 2612 4620 3795 5130 836 4623 -1 0 4082 5614 3291 5170 4641 7760 6703 2843 2206 3862 3412 3617 1313 5956 5701 4456 4309 2376 3541 3346 3447 4948 3259
4793 2788 4116 2642 6484 4025 3772 6540 1929 3979 1213 5624 5274 5875 3351 2978 2789 3052 -1 4044 538 5760 2854 3325 6319 -1 5394 0 7310 4438 4362 3855 5185 5830 5332 2037 5946 5901 5313 3784 6853 3425 3762 3189 3957 2306 3798 3845 866 3711
5518 3842 5112 3275 7114 4728 2402 5625 3743 5793 3027 5419 5443 6273 4262 4792 2962 2497 -1 2594 2352 4927 3487 3723 4542 -1 3023 1814 0 3270 3527 3020 2657 5857 3964 1958 4568 6299 3599 1295 5938 4058 3207 3822 2358 3026 2831 3429 2680 2744
4343 1080 4366 4327 6043 3070 744 3967 4596 6551 4148 4397 4956 5165 2604 3617 1304 3864 -1 936 4715 3975 4539 5226 4066 -1 4390 4177 5057 0 4866 2965 6084 7515 2306 4972 4813 7802 3060 756 4280 5110 3310 3752 700 1865 1670 1771 5043 1583
4892 2589 7041 5472 7440 3619 3452 6675 5679 7651 2414 5868 6723 4418 2782 3190 4012 4694 -1 3644 4288 4827 4886 1868 5655 -1 1032 3750 6646 4323 0 1109 7532 7735 3875 3238 3928 4444 4649 2345 5928 6255 5404 5221 3408 4573 4378 4479 4616 4291
7937 5814 8806 7038 8927 5185 5362 6653 7509 9320 4508 4759 6787 8353 1673 7125 6602 6260 -1 6234 6118 5161 3777 5803 8245 -1 4967 5580 7837 6652 3935 0 6423 9252 7604 5003 7518 8379 7239 4935 6966 7821 6909 4112 5998 4749 4554 4768 6446 4467
4476 3352 6150 2831 4547 2328 982 5324 3698 5770 3774 5146 5687 5403 3216 3855 2661 2368 -1 2293 4610 5812 3043 3730 4304 -1 2894 4415 5295 2272 5104 4322 0 6019 3663 4269 4337 5641 3298 994 5637 3614 2529 3378 2057 369 174 2009 4641 87
4138 3334 5556 4082 7924 4571 4318 7980 2475 5419 1759 6612 5820 6421 3897 4214 3519 3598 -1 3151 1084 4867 4294 3871 4044 -1 3954 1440 5035 4984 4908 4401 6191 0 5878 2583 6492 6447 3038 4330 8293 4865 2191 4629 5174 3746 4344 5285 1412 4257
12373 13520 14922 12953 16939 11100 12895 15579 13160 15210 12444 16506 14238 16087 14216 10671 13858 12175 -1 13490 11769 14655 13165 13537 14552 -1 12701 11231 15543 12948 15226 14577 16416 17061 0 13268 15711 13070 13546 12191 15892 13736 12885 13500 12431 12761 13401 13922 12097 13314
3815 6020 3803 3156 7337 4776 5395 6850 6326 7043 2311 5930 3485 4315 5487 7471 2852 4675 -1 2484 4935 4200 3368 1765 7654 -1 5595 5008 8645 5842 5429 5592 6505 6344 3772 0 4791 4341 6648 4526 7163 3939 5385 3703 5589 5328 5133 4359 5263 5046
5975 6104 7022 6375 8283 5310 4718 9060 6836 8710 2395 6014 6704 7534 6952 7591 6071 4759 -1 5703 5583 7364 6587 1849 8040 -1 6630 5939 9031 6008 8648 8058 9334 9563 4546 3219 0 7560 7034 4730 9373 7158 5469 6922 2940 4105 3910 5745 5911 3823
5535 3960 3344 3814 5712 4658 3229 2509 3101 3207 1955 3436 4936 4652 1146 4150 3789 4224 -1 3421 1710 1585 3250 4497 5547 -1 4440 1172 6538 3596 3408 1507 4413 5534 4791 2779 5489 0 4541 3241 2822 4597 3694 1559 3185 1534 3401 1705 2038 3940
1919 4947 5284 3272 7652 4892 2958 6518 4088 5147 3372 3797 7433 7379 5155 4509 3419 4494 -1 4269 2697 6924 3484 3508 1006 -1 5020 2159 1997 4948 5524 4877 4654 4780 5639 3955 6556 8060 0 2970 6831 4055 5204 3819 4033 3474 4828 3985 3025 4741
4223 3058 5762 4690 6406 3433 1107 4330 4959 6914 3392 4760 5812 5528 2967 3980 1667 4227 -1 1299 5001 5937 4902 5589 3310 -1 4753 4463 4301 1978 5229 3328 6447 7084 2669 4216 4741 8165 2304 0 4643 5473 3673 2996 1063 2228 2033 2134 5329 1946
8173 5767 8772 4650 7594 6270 5395 8276 6399 8626 5592 6382 8266 5458 3296 8138 4797 4675 -1 5811 5952 5867 4862 5046 7260 -1 4210 5414 8251 5448 5558 1623 8046 7838 7053 6088 7287 7622 6254 5407 0 5433 5385 5197 5575 5468 5273 5853 6276 6090
5609 4718 7516 4197 5913 3694 2348 6690 5064 7136 3947 5955 3500 6769 4025 3907 4027 3734 -1 3659 5005 7178 3216 5096 5670 -1 4260 4467 6661 3638 6287 5688 6520 7385 5029 4442 5703 7273 4664 2360 7003 0 3895 3551 3423 1735 1540 3375 5333 1453
4902 5329 4713 5183 7081 6566 4598 7137 4470 3241 3754 7599 7815 8416 5750 5519 5158 5593 -1 4790 3079 8301 5395 5866 4808 -1 6162 2541 5799 6522 5130 6135 5782 5568 6160 4578 8487 8442 3802 4610 7450 5966 0 5140 4554 2903 5524 5625 3407 5437
3976 5891 5023 4376 6725 4506 4396 7769 5102 5208 396 7150 4705 5535 5394 4701 4072 4546 -1 3704 3711 5420 4588 2985 6560 -1 5072 3173 7551 5319 6649 6767 6414 7535 4992 1220 6011 5561 5554 4408 8082 5159 4707 0 5186 2547 2352 656 4039 6069
3643 4148 6192 3627 5343 2370 1778 6120 3896 6566 4570 5942 6309 6199 4012 4651 3457 3164 -1 3089 5374 5328 3839 4526 5100 -1 3690 4836 6091 3068 5900 5118 8034 6815 1606 5065 5133 7102 4094 1790 6433 4410 3325 4174 0 1165 970 2805 4683 883
4107 5954 6459 5868 4178 5050 4479 5820 6206 5401 5297 4777 6817 7418 2847 5988 5351 5090 -1 4983 5239 6335 4951 4868 4013 -1 5616 4701 5004 4874 5109 4818 7188 7728 6353 6086 7536 7444 3007 4491 6133 6651 2160 5286 4747 0 2896 5016 4950 5630
4302 3539 5976 2972 4373 2154 2914 6015 3524 5596 3915 4972 7012 6106 3042 5263 4271 2194 -1 3903 5434 6339 3184 3556 4208 -1 2720 4896 5199 2967 5245 5013 7383 7923 5273 4410 5730 6132 3202 2926 6328 3755 2355 3519 3667 195 0 3649 4467 4550
5998 5235 7117 4668 6069 3850 3740 7711 5220 7292 5611 6668 7157 7758 4738 4045 5419 3890 -1 5051 5143 7643 4880 5208 5904 -1 4416 4605 6895 4663 6941 6709 7528 9619 6421 6106 7426 7784 4898 3752 8024 5451 4051 5215 4815 1891 1696 0 5471 5698
3927 2115 4974 4327 7498 3159 3099 6964 1256 6330 347 7101 4656 5486 2678 2995 4023 2379 -1 3655 2336 5371 4539 2936 6421 -1 4760 2692 7412 5007 4940 5653 7443 5748 4943 1171 5962 5512 5415 3111 7658 5110 3089 4874 4174 3320 3125 4126 0 3038
4389 3265 6063 2744 4460 2241 895 5237 3611 5683 3687 5059 5600 5316 3129 3768 2574 2281 -1 2206 4523 5725 2956 3643 4217 -1 2807 4328 5208 2185 5017 4235 7151 5932 3576 4182 4250 6219 3211 907 5550 3527 2442 3291 1970 282 87 1922 4554 0
7362 316 6727 4539 -1 2469 5871 2220 5203 7296 1429 3768 2098 4044 3177 4167 4827 4346 6420 5714 3176 5616 7054 8654 6455 5704 4540 5280 1927 3207 3941 10591 4829 4503 5065 4754 6031 6057 7186 4603 3398 4226 5181 1616 -1 5683 -1 3097 4003 5987
10877 8850 10400 8759 -1 8875 9290 6903 9807 11834 5930 5811 7763 7070 9583 8668 8120 10752 9686 9625 8547 12342 11079 12622 11188 9123 8055 6747 6428 6442 9163 14439 8248 8351 7837 8269 8803 13012 8871 6676 8620 7295 6263 6117 -1 10476 -1 7635 8607 9061
9094 7179 9100 7620 -1 7135 5570 6036 8606 8114 5063 4944 5997 6282 6580 6928 4526 7749 8082 8678 4827 9563 7617 10224 8780 5403 6272 6175 5561 6244 5443 11641 4528 6568 5883 6486 6646 10601 7566 7097 4900 6428 6065 3416 -1 7224 -1 3915 7406 7758
5566 2843 3110 4726 -1 2656 3979 2979 3888 6315 2392 3353 4625 4691 1862 4155 2935 3031 5105 5945 4355 3824 6026 9368 4271 4931 2990 1682 2333 5189 3852 9374 2937 3286 3920 3204 4886 8460 5975 5009 3309 1654 5010 2579 -1 5570 -1 2324 2688 3420
5104 3793 6049 1270 -1 3643 5328 3449 4358 6785 3812 3675 3631 3006 2332 5257 3769 3501 5575 4424 4585 4294 5203 8601 5381 5161 2282 2396 4310 2091 5201 8666 4286 2578 4562 2496 5528 4206 6809 5961 4658 3927 1912 3174 -1 6982 -1 3673 3158 4062
4192 3449 4963 4801 -1 3130 4416 3675 3122 5457 3587 2763 5016 3463 3715 2923 1435 4884 3652 5095 3673 5677 4526 8001 6124 4249 1370 62 4085 3818 3967 7754 3374 1666 2300 1584 3266 7007 4475 4307 3424 34 3639 2262 -1 6057 -1 2439 1922 1800
6360 4230 6151 4671 -1 4186 2621 3087 6286 5165 2114 1995 3947 3333 4652 3979 1577 5821 5133 5729 1878 6614 4668 7275 5831 2454 4534 3226 2612 3295 2494 8692 1579 4638 2934 4748 3697 7652 4617 4148 1951 3479 3116 467 -1 4275 -1 966 5086 5245
5452 740 4975 4963 -1 2893 5274 1586 3940 6367 1853 4023 2522 1932 1914 4183 2695 3083 5157 5592 3600 3876 5786 6661 4939 176 2630 1322 2351 1017 4365 6414 4232 2524 4508 2844 1419 5374 5735 2674 3822 4650 838 2040 -1 6107 -1 3126 2740 4008
4240 3366 5294 5645 -1 3575 4464 2911 6110 7008 1938 2811 3204 5150 4283 4676 3420 5452 3999 4603 744 6226 6511 8049 7313 4297 1418 3050 2436 4313 4337 7802 3422 1714 3698 1632 4664 7163 6460 4654 3794 4057 4959 2125 -1 3524 -1 2809 4910 3198
7809 4195 3499 6219 -1 4149 6646 4514 4442 6869 4320 4058 3778 5724 3543 5507 5602 4587 6661 5934 5546 5505 6698 5426 6592 6479 6193 5432 4818 4887 5400 10566 5604 6166 3139 6407 4105 7737 5908 6187 4857 5236 5564 2419 -1 5186 -1 3872 3242 5520
8145 3896 7090 7307 -1 6049 7959 2365 3274 5701 5009 7187 5678 4693 1248 6762 6253 2417 4491 6572 6756 3210 5530 9417 4297 7850 5794 4880 5507 4575 5826 9410 6917 6090 6893 6008 7859 7846 9293 5146 5283 5634 4396 5196 -1 7594 -1 6304 2074 7400
5289 3494 6717 5072 -1 5647 4473 3820 7019 5898 2847 2728 4680 3734 6355 5585 3429 7524 6603 1220 3730 7835 2674 8743 7683 4306 5267 3959 3345 5147 3227 9572 3431 5546 3667 5481 4633 9235 5788 4785 2684 4212 4968 2319 -1 6127 -1 1699 5819 5978
8149 7406 8920 8002 -1 7087 8373 7632 7079 9414 7544 6720 8973 7420 7672 6880 5392 8841 7609 9052 7630 9634 8483 11958 10081 8206 5327 4019 8042 7357 7924 11711 7331 5623 6257 5541 7223 10938 8432 8264 7381 3991 7178 6219 -1 10014 -1 6396 5879 5757
6843 5723 6801 7332 -1 6176 6702 5669 6042 8127 4696 4957 1734 3758 5250 7434 5061 4473 6547 3449 3502 8337 4228 4518 2796 6535 4176 5808 5194 2843 3883 4271 5660 4472 5229 4390 6195 3231 7793 531 4913 2963 6284 4548 -1 4331 -1 3928 4842 4729
7704 4735 3872 6522 -1 4548 5871 3923 4815 7242 2950 4431 6517 4817 3754 5688 4827 4923 2955 6528 5567 5716 7071 8648 6803 5156 4882 3574 3448 3902 3132 10939 4829 5178 5357 5096 3870 6310 7606 3610 2589 3546 3723 3137 -1 5559 -1 4216 3615 5312
3487 1627 6312 3906 -1 1836 6953 1587 4570 6997 2740 3135 1465 3411 2544 5478 5010 3713 5787 5148 2543 4983 6421 9489 5822 6786 3907 4647 3238 2574 5252 10291 5911 4203 4856 4121 5822 5424 7418 5914 4709 4619 4548 2927 -1 6013 -1 4408 3370 5687
7360 6587 8901 8165 -1 7173 7566 6913 5064 7491 5940 5821 6802 6483 6173 8552 6522 7342 8007 4313 6823 8135 5767 10760 8950 7268 4538 6670 6438 6365 5244 10922 6524 4834 6760 4752 7726 10160 8881 7460 4701 7305 6186 5412 -1 9220 -1 4792 3864 6318
3117 2374 6871 5391 -1 4527 3341 3807 6260 5885 2834 1688 4156 4053 5235 4699 2297 6404 5853 4837 2598 7334 5388 6926 6551 3174 295 3200 3332 4015 3214 6679 2299 591 2575 509 3541 8115 5337 4868 2671 3172 3836 1187 -1 4995 -1 1686 5060 2075
-1 -1 -1 -1 -1 -1 -1 -1 -1 -1 -1 -1 -1 -1 -1 -1 -1 -1 -1 -1 -1 -1 -1 -1 -1 -1 -1 -1 -1 -1 -1 -1 -1 -1 -1 -1 -1 -1 -1 -1 -1 -1 -1 -1 -1 -1 -1 -1 -1 -1
7728 6955 7188 7452 -1 7541 7934 7281 5432 7859 6308 6189 7170 6851 6541 8920 4954 7710 8375 4681 7191 8503 6135 11128 9318 6838 4906 7038 6806 6733 5612 11290 6892 5202 7128 5120 8081 10528 7994 2837 5069 7673 6554 5780 -1 6637 -1 5160 4232 6686
5631 1423 5434 2808 -1 738 5855 1383 3472 5899 2536 2037 367 2313 1446 5274 3912 2615 4689 4050 2135 3885 5323 9175 4724 5688 2809 3549 3034 1476 5048 9193 4813 3105 3758 3023 4724 4326 6320 5344 4505 3521 3450 2723 -1 4915 -1 3981 2272 4589
6434 5314 7862 6923 -1 6461 6293 5640 5633 7718 4667 4548 6090 4043 6428 7405 4652 7376 6172 3040 5550 8390 3819 8215 9477 6126 7087 5779 5165 6534 3954 11423 5251 6446 4820 6364 5786 2822 7384 122 4504 2554 6355 4139 -1 3922 -1 3519 4433 4320
5600 2631 6371 4514 -1 2444 3767 2767 3676 6103 2756 3141 4413 4479 1650 3943 2723 2819 4893 6503 4143 3612 5814 9156 4699 4719 2778 1470 3254 4977 3640 9162 2725 3074 3708 2992 4674 8248 5763 5294 3097 1442 4798 2732 -1 6540 -1 2112 2476 3208
6027 4442 7636 5590 -1 3520 6251 2911 3820 3112 3437 4598 6224 5239 1794 4173 5207 2963 5037 5385 5508 3756 6076 9836 4843 6084 3205 4549 3935 4664 6124 9589 5209 3501 5485 3419 6451 8392 8093 5692 5581 5556 4485 3624 -1 7905 -1 4596 2620 4985
7322 2220 6905 4499 -1 2429 4573 2180 5163 5614 3333 3728 2058 11 3137 5931 3529 4306 6380 5741 3136 5576 6620 5563 6415 4406 4500 5178 3831 3167 3664 7911 3531 1823 3807 4714 4773 6017 6569 6100 3121 5212 5068 2419 -1 6227 -1 2918 3963 3307
-1 -1 -1 -1 -1 -1 -1 -1 -1 -1 -1 -1 -1 -1 -1 -1 -1 -1 -1 -1 -1 -1 -1 -1 -1 -1 -1 -1 -1 -1 -1 -1 -1 -1 -1 -1 -1 -1 -1 -1 -1 -1 -1 -1 -1 -1 -1 -1 -1 -1
6392 3707 6780 5972 -1 4356 3922 3747 1521 3948 3415 3296 4987 2940 2630 5009 2878 3799 4464 6221 4298 4592 3777 7664 5679 4874 4041 3127 3913 2822 3795 7657 2880 4337 4235 4255 5201 6617 5918 3917 3252 4780 2643 2887 -1 6695 -1 2267 321 5821
6169 1067 5752 3346 -1 1276 6393 1027 4010 6437 2180 2575 905 2851 1984 4918 4450 3153 5227 4588 1983 4423 5861 8929 5262 6226 3347 4087 2678 2014 4692 9731 5351 3643 4296 3561 5262 4864 6858 5354 4149 4059 3988 2367 -1 5453 -1 3848 2810 5127
5614 2881 5137 358 -1 2731 3904 2841 4408 6448 2900 3278 2719 2094 2382 4345 2857 3551 5625 6402 3797 4344 4483 5105 5431 4856 2792 1484 3398 1179 3777 4858 2862 3088 4217 3006 5183 6678 5897 5049 3234 4762 1000 2869 -1 6677 -1 2249 3208 4572
5734 4659 5776 5415 -1 4684 3365 2712 5911 4790 1739 1620 3572 4077 5392 4477 2321 6561 3442 5354 2622 7358 5412 7635 4944 3198 2912 2851 2237 4039 2119 9296 2323 3208 2559 3126 3525 6797 2627 3773 1576 3104 3860 1211 -1 5019 -1 591 4711 4692
5920 4739 1610 5233 -1 5026 4954 4777 2553 4980 4447 2169 4655 3972 3662 6041 3910 4831 5496 7088 5330 5624 4809 8696 6711 5906 4989 3681 4945 3854 4827 8677 3912 5285 5267 5203 6233 7649 6950 4949 4284 3653 3675 3919 -1 3297 -1 3299 1353 5419
9377 6408 5545 4124 -1 6221 7544 5596 6488 8915 4623 6104 6485 5860 5427 7361 6500 6596 4628 5979 7240 7389 7433 10321 8476 6829 6555 5247 5121 4945 4805 12612 6502 6851 7030 6769 5496 7983 9279 5283 4262 5219 4766 4810 -1 7232 -1 5889 5288 6985
5485 4193 5880 4139 -1 3188 3603 1216 4415 6147 243 2977 4929 4315 3896 2981 2559 5065 5714 4528 2860 6655 5650 8257 6813 3436 2663 1355 741 4277 3476 9047 2561 2959 3916 2877 4679 8247 4899 3417 2933 2362 4098 430 -1 5257 -1 1948 3215 4128
6715 2507 6518 3892 -1 1822 6939 2467 4556 6687 3620 3121 1451 3397 2530 6358 4996 2260 4334 5134 3219 4969 6407 3099 5808 6766 3893 4633 4118 2560 6132 9893 5897 4189 4842 4107 5808 5410 7404 4989 5589 4605 4534 92 -1 5999 -1 5065 3356 5673
14158 12298 9091 14577 -1 12507 14800 12258 14222 16557 13411 9650 12136 14082 13215 14023 12535 14384 14122 15819 13214 13139 15626 17322 14226 15349 12470 11162 13133 13245 13731 18854 13758 12766 13400 12684 14366 16095 15575 14777 13188 11134 14739 12822 -1 16684 -1 13145 13022 12900
7321 4131 6266 6483 -1 5285 7135 1541 2450 4877 5202 6363 5302 3869 424 5938 5429 1593 3667 5748 6991 2386 4706 8593 3473 7026 4970 4056 5489 3751 5002 8586 6093 5266 6069 5184 7035 7022 8469 4322 4459 4810 3572 5389 -1 6770 -1 5480 1250 6576
7876 6291 9485 7439 -1 5369 7339 4760 5669 4961 3979 3860 5812 7088 3643 6022 6295 4812 6831 7234 6596 5605 7925 11685 6692 6287 5054 5091 4477 6513 7212 11438 6297 5350 7334 5268 7530 9909 6016 7153 6669 5344 6334 4166 -1 8993 -1 5684 4469 6834
7341 295 4318 4518 -1 2448 5850 2199 5182 7275 1408 3747 2077 4023 3156 4146 4806 4325 1052 4625 3155 5165 5404 4252 6252 2685 4519 3546 1906 3186 661 8923 4808 4482 3454 4733 3928 4407 6223 1707 118 4139 3062 1595 -1 5177 -1 3076 3982 5835
7611 2235 6382 2355 -1 3435 5579 1657 6169 6620 3348 4734 3064 1017 4143 6086 4535 5312 7386 5017 4142 6341 6471 6569 7421 5412 4789 3481 3846 3176 4670 6855 4537 2829 4813 5003 5779 7023 7575 2068 4127 4926 2997 3425 -1 5868 -1 3924 4969 4313
7271 4539 6139 4659 -1 5047 2609 3075 6274 5153 2102 1983 3935 3321 4640 4840 1565 5809 5420 5717 2985 6602 4656 7998 6922 3561 4522 3214 2600 4402 2482 9159 1567 4818 2922 4736 3888 8759 4605 4136 1939 3467 4223 1574 -1 5382 -1 954 5074 5233
7792 6383 7168 5747 -1 6690 8016 3035 5731 8158 5342 6363 6319 4272 6512 6523 5035 7681 6251 6423 7143 8474 7202 3355 8254 7022 4970 3662 5840 3357 777 7901 6974 5266 7250 5184 7119 6205 7045 5989 5885 6304 3178 5529 -1 8855 -1 5466 4531 6750
4783 5534 2327 6624 -1 4554 4969 2582 5781 5870 1609 2886 5372 5681 4866 4347 3925 6035 6980 5337 4226 6375 7016 9623 3488 4802 4029 2721 1550 5643 4842 10413 3927 4325 4241 4243 5207 9331 6265 4226 4299 3728 5464 1796 -1 6623 -1 3314 4581 5494
8710 1664 6740 5887 -1 3817 7219 3568 6551 8644 2777 5116 3446 4819 4525 5515 6175 5694 7768 7062 4524 6964 8402 8667 7803 7052 5888 6628 3275 4555 5289 10657 6177 5851 6380 6102 5831 7405 8534 5870 4746 5574 6529 856 -1 7031 -1 4445 5351 7335
7663 2296 7486 5885 -1 3815 7017 2761 3670 6097 2421 5748 4078 5089 1644 3608 4906 2813 4887 6706 4910 3606 5926 9813 4693 6850 4841 3533 2919 4971 5921 9806 5975 4267 5603 5055 5288 8037 7946 5542 5378 3337 4792 2608 -1 7663 -1 5077 2470 5103
6281 3959 6676 6054 -1 3984 4399 2012 5211 6943 1039 920 2872 4896 4692 3777 3355 5861 4795 5324 3656 7451 6446 9053 6297 4232 3459 2151 1537 3981 4272 9843 3357 3755 4670 3673 5475 8150 3980 4213 3729 2404 4894 1226 -1 6053 -1 2744 4011 4170
8207 3824 5511 4889 -1 2819 7100 4664 5553 7980 2965 5667 5606 4024 3527 2612 5450 4696 5802 4159 6357 8472 7451 9488 6805 5996 5385 4077 372 5710 3972 9862 6058 5681 4937 5599 5903 8384 7501 3048 3429 2671 5531 61 -1 6848 -1 4638 4353 4437
5311 4019 5706 5084 -1 3014 5535 4859 4241 6576 69 3882 5801 4219 3722 2807 2554 4891 5806 4354 4268 6796 5645 9120 7000 5368 2489 1181 567 4937 4167 8873 4493 2785 4454 2703 5420 8579 5594 3243 3624 2188 4758 256 -1 7043 -1 3558 3041 3954
7007 5672 7402 5229 -1 3159 6361 5632 5893 8272 1765 5578 5510 5915 3867 2952 4250 5036 7110 6050 4254 8492 7341 9886 7145 6194 4185 2877 2263 6050 5863 9639 5319 3611 5595 4399 6561 9469 7290 4939 5320 3884 5871 1952 -1 8015 -1 4706 4693 5095
5496 3759 6550 5144 -1 3074 5720 2712 3621 6048 3194 1709 2703 1985 1595 5932 4594 2764 4838 5859 2000 3557 5877 8847 4644 5553 2674 3221 3692 3812 5593 9058 4678 2970 4954 2888 5920 6662 5992 5493 5050 3193 4743 3381 -1 4780 -1 4065 2421 4454
5398 4106 5793 5171 -1 3101 3516 1129 4328 6060 156 2890 4842 4228 3809 2894 2472 4978 5627 4441 2773 6568 5563 8170 6726 3349 2576 1268 654 4190 3389 8960 2474 2872 3829 2790 4592 8160 4812 3330 2846 2275 4011 343 -1 5170 -1 1861 3128 4041
