50
4646 7283 5613 4058 2298 5853 2497 3419 6290 2316 981 6573 5755 3725 4129 6136 3845 4413 286 7743 3430 5898 -1 2285 6434 5243 7308 4019 2935 3345 8041 5135 1216 -1 7538 4906 4242 2188 3816 7703 5466 4679 7048 -1 8930 3823 7485 6017 7497 3916
-1 4242 6807 8211 5446 2382 1653 6658 5550 7193 5204 6030 8487 3951 4571 4721 4689 4763 5801 7545 4850 3773 6425 3984 3730 5708 3498 7744 7384 4304 4424 5495 5513 6818 5670 7303 4987 -1 5859 5462 8400 6239 4286 8307 5402 3562 3723 5469 3151 7632
5847 217 3107 7242 7142 6836 1387 10854 4067 5156 6388 6468 4504 6329 5071 6309 7566 9889 7083 8294 7149 6978 -1 5268 1066 6376 6790 5134 11548 6787 8032 9871 2668 -1 7612 3814 7544 8935 7757 2709 5003 4938 5513 -1 9866 3546 6784 6048 5652 7271
-1 4967 2310 5902 7677 7076 5716 2495 4943 6826 4443 4526 7323 6542 7839 6293 6579 5810 7173 6757 6936 5667 5686 7316 5710 3492 5981 7406 10016 6811 7986 6464 3864 5493 3447 3363 5360 -1 4024 7707 7559 2727 3214 6976 4077 7561 6794 1900 6289 7726
0 5968 4855 5694 6032 3097 4460 5850 6267 5939 958 6631 5732 7590 6092 4898 5370 3342 7943 4858 4178 5303 -1 7895 5119 5220 4535 7012 3825 6431 8789 5193 4950 -1 7967 4872 8107 4825 4354 6388 7429 4737 7017 -1 8907 3800 7928 5522 7474 4840
4115 0 5962 1647 6552 4325 6401 7210 4920 3016 3435 6108 4385 1622 3998 6005 1323 3396 8593 5335 5009 6410 -1 6536 6479 7045 7255 5404 6225 758 9127 7134 5504 -1 5680 7360 2139 7302 5991 7629 5335 6678 6917 -1 7560 6277 8000 3914 6127 4147
5577 8189 0 2508 7413 8293 3676 8071 5714 5330 4296 6799 5246 6556 4859 6866 2184 4257 8227 6196 2197 7271 -1 9660 7340 8151 8116 8528 7163 1619 5528 7995 7818 -1 6541 6991 7073 8163 7097 8490 6196 7539 7778 -1 8421 7138 9106 7038 6988 5008
3069 9037 4315 0 4905 6068 5855 6026 3273 2822 4027 7824 2738 5505 2351 4358 5625 4582 6946 7927 5643 4763 -1 7355 8188 6751 5608 6740 6031 5084 7480 6588 5310 -1 4033 7669 6022 7894 5697 5982 3688 6132 5270 -1 5913 6586 7445 5250 4480 6183
4240 9461 7338 3780 0 6720 5755 1121 7053 1986 5198 4275 6518 9285 6131 8081 3456 5529 4915 7145 6504 6487 -1 6661 8612 4097 6833 5529 5195 2891 9933 2837 4474 -1 7813 8495 2264 6817 7894 9762 7468 2381 6511 -1 9693 7439 10378 4039 8260 6280
7786 6619 7947 7962 11310 0 8361 6501 9223 7740 8019 5305 10382 8241 9993 7990 7638 5610 10211 10708 6446 8395 -1 9040 5770 8768 12129 10320 6736 7118 11057 10077 10228 -1 10554 9562 8758 9504 5139 7039 9603 9621 9285 -1 10531 8479 9723 8830 11220 5625
5382 8835 3596 4904 5628 5824 0 6749 3992 2103 5175 7900 6006 6387 1632 3639 4930 1916 7669 8942 4562 4044 -1 6320 7986 6726 9917 8278 5312 4365 9124 6462 4591 -1 8670 8392 6904 7415 5672 5263 2969 6006 4551 -1 9181 7309 7681 6788 5203 3583
9364 11024 9911 10750 11088 7228 9516 0 8423 9208 6014 11687 10788 12307 11148 9954 10426 8398 12999 9914 9234 10359 -1 11785 10175 10276 12341 10653 8881 10113 13845 10249 10006 -1 11870 9928 12824 9881 9410 11444 12485 9793 5390 -1 13963 8856 10287 9163 11820 9896
3741 8594 5886 2913 3822 3175 2680 4943 0 1566 3508 7021 5092 4581 4312 2829 2589 1309 5863 6601 4560 5868 -1 6162 7745 3478 8276 5030 4775 2024 6893 5583 4054 -1 6946 6586 5098 7257 2424 7943 5649 5127 4927 -1 8267 5503 4172 3540 3397 2910
5870 10643 7116 2801 3570 7125 3769 4691 6074 0 6249 7845 5539 8306 5152 7159 6529 5685 8467 9592 4702 7170 -1 10089 9794 7667 8409 9099 3209 6461 9313 6407 2488 -1 6834 9496 5834 10116 7390 8783 6489 5951 8071 -1 8714 9091 9399 7609 7281 5301
4808 8666 4632 4903 6941 7905 5001 8062 5309 5997 0 7172 4774 7541 6633 7447 5351 6618 8982 6762 6829 6652 -1 7843 7817 4262 6327 8577 2867 6251 9392 5050 8485 -1 8936 3925 8058 3867 3396 9086 6898 5278 6940 -1 7949 2842 7980 7087 6516 3882
5140 6251 4964 5235 7273 8237 5333 6133 5641 6351 6098 0 5106 7873 6965 6556 5683 5242 9314 7094 5345 6961 -1 7972 5402 4594 9675 10318 3325 6583 10492 6066 8839 -1 9268 4257 8390 4199 7782 6671 8302 5610 8917 -1 8281 3174 9791 8828 6848 8268
4276 6782 5638 3211 2167 3330 3117 3288 535 2101 4043 5288 0 2767 4048 3364 2887 1844 4208 6899 2905 6091 -1 6021 5933 4013 7846 5565 3431 2559 7428 3850 4589 -1 7244 4931 3284 6110 2959 7202 5385 3394 5462 -1 3175 3848 4707 4075 1742 3445
2493 7844 4759 444 5349 2703 6299 6470 3717 3266 3451 4486 3182 0 2795 4802 120 5026 7340 4132 5410 5207 -1 4914 6995 6087 6052 3782 6318 5447 7924 7017 5754 -1 4477 6748 517 6009 5033 6426 4132 6561 5714 -1 6357 6293 7042 2292 4924 2944
3750 7203 1964 3272 4041 4192 4240 5162 2360 471 3543 6268 6010 5869 0 2007 3298 3669 7639 7310 4161 2412 -1 5004 6354 5838 8285 7390 3680 2733 7492 4830 2959 -1 7305 7457 6305 6099 4580 3631 1337 4374 2919 -1 8373 6385 6532 5900 5757 5066
8439 6092 7223 5818 9633 6725 7834 5974 7819 6063 7765 10807 8556 7714 8169 0 5494 3466 8067 9192 4302 6770 -1 8926 5243 9198 9985 11496 4592 6850 8913 8241 8551 -1 8410 8861 8231 8803 7514 6512 9506 8913 7141 -1 6529 7778 8052 10006 10298 7982
3393 8321 4639 324 5229 6392 6179 6350 3597 3146 3772 8148 3062 5829 2675 4682 0 4906 7270 4012 5967 5087 -1 7476 7472 5967 5932 6344 6355 5408 7804 6897 5634 -1 4357 7697 6346 7639 4913 6306 4012 6441 5594 -1 6237 6614 6922 4854 4804 2824
6454 10010 7700 3385 8290 7139 8502 9411 6658 6207 5000 9338 6123 5905 5736 7743 3061 0 10331 7073 4559 5363 -1 10361 9161 7677 8993 9229 7867 4158 8067 8392 8695 -1 7418 8914 6422 8867 4048 9367 7073 7936 8655 -1 9298 7842 8632 7739 7865 4534
4360 9361 5327 3772 5600 6740 5696 6721 6004 2030 695 7867 5469 8236 4872 6879 5467 7313 0 7457 5972 7284 -1 1999 8512 4957 7022 8325 3562 6036 10087 5745 4518 -1 7805 4620 7864 1902 4091 8503 6209 5973 7635 -1 8644 3537 7199 6835 7211 3630
10855 8077 9405 8222 13103 10327 9819 7959 11303 9567 11253 12973 10960 9699 10573 9448 7898 7068 11669 0 7904 9853 -1 9111 7228 10848 13587 7979 8194 8576 12515 11535 12055 -1 12012 12580 10216 9196 9794 8497 11910 11079 10743 -1 9484 14095 11654 10654 12678 7705
4137 6932 5501 2118 7023 6692 6197 8144 3517 4026 5095 8845 4856 4359 4469 6346 4092 4826 6030 7631 0 6881 -1 8029 9113 6995 7726 7808 7235 4491 9598 7633 6514 -1 6151 4794 4876 7932 5941 8100 5806 8155 7388 -1 8031 7937 7689 6318 6598 4618
6114 8454 7341 3616 5392 3431 5591 6513 4239 1822 3444 4467 6354 3977 5967 7068 3292 5365 7099 6981 6340 0 -1 7539 7605 5851 7025 7403 5031 2727 9266 3029 4310 -1 7649 7358 4494 7311 4797 8874 7304 2573 4798 -1 9529 6286 6806 5913 7636 5283
-1 -1 -1 -1 -1 -1 -1 -1 -1 -1 -1 -1 -1 -1 -1 -1 -1 -1 -1 -1 -1 -1 -1 -1 -1 -1 -1 -1 -1 -1 -1 -1 -1 -1 -1 -1 -1 -1 -1 -1 -1 -1 -1 -1 -1 -1 -1 -1 -1 -1
5009 9813 4837 4926 6702 4741 6901 7823 5233 3132 5074 7984 7664 6418 2873 4880 4602 6542 8930 8291 5165 5285 -1 0 8964 7161 9201 8713 3512 4037 9776 5205 5620 -1 8959 8613 6935 1095 4041 6504 4210 6910 5792 -1 10839 7530 7848 7223 8630 4527
3963 849 2177 2496 5875 5174 2591 731 5328 2339 4284 6492 5234 2471 4223 2220 2172 4245 5468 6184 4374 2625 -1 5217 0 7648 8104 6253 5548 1607 7705 5654 4827 -1 6529 8209 2988 6312 4793 1269 5560 5198 5887 -1 4761 7126 6802 4763 5450 4996
2412 6736 4575 641 5327 4598 4989 5950 3914 1757 3370 6857 3379 6146 2992 4618 3227 5223 5940 6916 6275 2390 -1 7615 5887 0 6249 7381 4966 2662 6786 4780 4245 -1 4674 7284 6663 7237 6096 6623 4329 4963 5911 -1 6554 6212 8086 5891 5121 6051
3435 7108 5034 5305 7343 3745 5403 6990 5711 5594 402 7574 5176 5422 6677 7849 5542 6777 9384 7164 6174 7054 -1 8245 6259 4664 0 7717 3269 6499 9580 5452 8082 -1 9338 4327 5939 4269 3798 7528 7300 5680 7342 -1 8351 3244 7120 6227 6918 4284
3395 7007 3333 5289 7065 5873 3747 6889 6365 3495 4353 7648 8027 7550 4005 3376 4965 5663 9008 8253 5530 3781 -1 1132 6158 8293 7930 0 4644 4400 7407 6337 5983 -1 9322 8267 7128 2227 5173 7427 5342 6354 6924 -1 9742 7195 7958 5576 8950 5659
7668 12931 12523 9032 11728 9429 12128 12813 12305 10509 8626 14299 11770 11106 11383 12566 11226 8686 15491 12526 11846 12971 -1 13065 12082 11849 12203 11933 0 11414 7633 11459 12618 -1 13065 12540 11623 12493 9805 13351 12720 12405 13349 -1 14945 11468 12804 10443 13512 10291
3958 6570 5204 889 5794 6674 5643 6452 4162 3711 2677 7814 3627 6394 3240 5247 565 2638 7835 4577 4251 5652 -1 8041 5721 6532 6497 6909 5544 0 8369 6376 6199 -1 4922 6602 6911 6544 5478 6871 4577 5920 6159 -1 6802 5519 7487 5419 5369 3389
4468 8095 5714 1399 4095 4485 6645 5216 4672 2876 3543 8370 4137 6162 3750 5757 4114 1053 8345 7443 5000 6162 -1 6758 7704 5801 7007 7353 1643 3781 0 3826 5364 -1 5432 7457 6359 7410 2172 7381 5087 6476 5716 -1 7312 6385 6756 5863 5879 2658
5698 10980 6944 2629 7534 7741 8484 8655 5902 5098 4398 10453 5367 8134 4980 6987 8254 7211 9575 10556 8272 7392 -1 9984 10255 8660 3996 9369 4528 7713 10109 0 7586 -1 6662 8323 8651 8265 5057 8611 6317 8761 7899 -1 8542 7240 9641 7879 7109 5543
5322 8214 4877 4332 1082 4637 1281 2203 5273 3068 6280 5357 7070 6573 2913 4920 4041 3197 5979 7104 2214 4682 -1 7601 7365 5179 7897 6611 4913 3973 6825 3919 0 -1 6322 7008 3346 7881 6953 6544 4250 3463 5832 -1 8714 8521 8962 5121 6484 4864
-1 -1 -1 -1 -1 -1 -1 -1 -1 -1 -1 -1 -1 -1 -1 -1 -1 -1 -1 -1 -1 -1 -1 -1 -1 -1 -1 -1 -1 -1 -1 -1 -1 -1 -1 -1 -1 -1 -1 -1 -1 -1 -1 -1 -1 -1 -1 -1 -1 -1
5010 8025 5535 4846 7542 5320 6978 7907 7286 4314 1977 9149 6751 6997 6994 3567 5784 4500 5518 8739 5189 5983 -1 7517 7176 6239 1575 8383 4844 5219 3447 7027 6802 -1 0 5902 7514 5844 5373 8445 8331 7255 8917 -1 2472 4819 8695 7802 8493 5859
4842 6161 707 3215 6330 5617 3084 6043 6421 4008 3550 5255 5953 7089 4716 3522 2891 4964 7887 2837 2904 3927 -1 6519 5312 4579 7813 6131 6417 2326 6235 3817 6496 -1 7248 0 7606 7417 3525 6581 6053 3361 7635 -1 9128 6392 5534 4641 5905 4011
1976 7327 5774 5209 7003 4456 6436 7209 8243 4747 2934 3969 7708 7762 7270 5817 4885 4701 6823 6217 4893 5526 -1 4397 6478 7196 6511 3265 5801 4930 7669 6997 6309 -1 7166 6231 0 5492 6234 7747 8607 6713 8108 -1 8890 5776 8243 1775 6578 6720
8207 8718 6991 6188 8922 6493 9545 8600 7221 5831 8530 7709 8926 8429 6849 8856 5897 7444 7835 8960 4070 6538 -1 3976 7869 8806 9753 11405 7488 8013 8681 6271 8319 -1 8178 8469 8946 0 8017 9138 8186 5815 9768 -1 10570 7386 10678 9915 9576 7750
3892 9860 6037 4270 6171 4667 6370 6794 4084 2601 2880 7057 5243 6344 6146 6080 4030 5393 8138 7760 7119 6019 -1 6313 9011 3629 8427 5181 4824 3465 7044 5624 5089 -1 8303 5361 6861 5698 0 9777 7483 5278 8570 -1 8418 4673 4584 3691 6985 486
2694 6147 908 2864 4606 3959 1322 5727 5314 1070 3652 5223 5602 5333 2954 951 2540 3238 6583 6229 3105 1356 -1 3948 5298 6379 7229 7931 4279 1975 6436 4385 3558 -1 6897 7370 5850 5043 3524 0 4291 3929 5711 -1 5601 6287 5533 6441 4181 4010
4764 7216 3202 3279 4845 4198 3616 5966 1023 2589 2206 7517 6017 5604 5248 3245 2955 2332 6886 6106 4107 3650 -1 6242 6367 4501 8533 6053 5073 2390 6299 6441 5077 -1 7312 6120 6121 6073 3447 2294 0 5985 1582 -1 7895 5048 5195 4563 4420 3933
6154 8145 6848 3085 3107 6575 7217 4228 4851 4966 4854 1894 5823 8252 5436 7443 6436 6160 4526 8978 7239 7848 -1 6525 7296 6478 4452 8636 4984 5871 10565 456 7454 -1 7118 6141 5371 6083 5513 8565 6773 0 8355 -1 8998 5058 9023 7146 7565 5999
3974 5634 4521 5360 5698 2763 4126 5516 5933 5605 624 6297 5398 7256 5758 4564 5036 3008 7609 4524 3844 4969 -1 6395 4785 4886 6951 5263 3491 6097 8455 4859 4616 -1 7633 4538 7773 4491 4020 6054 7095 4403 0 -1 8573 3466 4897 3773 7140 4506
-1 -1 -1 -1 -1 -1 -1 -1 -1 -1 -1 -1 -1 -1 -1 -1 -1 -1 -1 -1 -1 -1 -1 -1 -1 -1 -1 -1 -1 -1 -1 -1 -1 -1 -1 -1 -1 -1 -1 -1 -1 -1 -1 -1 -1 -1 -1 -1 -1 -1
6854 9649 8218 4835 8646 9409 8742 9767 6234 5076 3741 10913 7573 7076 7186 9063 6809 7543 3046 10348 2717 9598 -1 5045 11558 8003 10068 10525 6608 7208 12315 8791 7564 -1 8868 7511 7593 4948 7137 10817 8523 9019 10105 -1 0 6583 10245 9035 9315 6676
5925 5824 1790 4298 4099 5262 2159 5220 2467 4033 4633 4330 1932 4699 3791 4605 3974 3776 6140 3920 3987 5010 -1 7602 4975 5662 6888 7214 5363 3409 7318 2892 6521 -1 8331 1083 5216 8042 4608 6244 5128 2436 6710 -1 5107 0 6617 5724 3674 5094
6267 8879 6251 3198 5198 6906 5397 6319 4111 1628 4986 7489 3576 6343 5549 6940 2874 4947 7784 6787 6146 7961 -1 7904 8030 6150 8806 7702 4837 2309 6218 7426 4116 -1 7231 5544 6860 8853 5096 9180 6886 6970 8468 -1 6751 7424 0 6212 5318 5582
201 6169 4823 3434 6233 3298 4661 6051 6468 3044 1159 6832 5933 7728 5495 4866 3110 3543 5048 5059 4379 3751 -1 2622 5320 5421 4736 1490 4026 5890 5894 5222 5151 -1 5391 5073 8245 3717 4555 6589 6832 4938 7218 -1 7115 4001 8129 0 7675 5041
3677 6344 3896 1628 425 3228 4265 1546 4573 2411 2767 4700 4038 1184 3979 5986 1304 5717 2466 5316 1163 4811 -1 4465 7081 4522 7236 4966 1689 3316 6954 3262 4899 -1 5661 3189 1701 4368 2218 6936 4642 2806 5762 -1 7213 2106 6603 3476 0 2704
3406 9374 5551 3784 5685 4181 5884 6308 3598 2115 4364 6686 4757 5858 5660 5594 3585 4907 7652 7274 6633 5533 -1 5827 8525 3143 7941 4695 5324 3020 6558 5138 4603 -1 7817 4875 6375 6922 2089 9291 6997 4792 8084 -1 7932 6762 4098 3205 6499 0
-1 9852 3875 6491 5508 3130 1630 6602 904 6392 1742 6880 8464 5946 2554 5469 5613 6471 6989 6474 6462 6444 7679 5620 6401 4470 4246 7195 4253 5757 7469 5874 1983 6795 2738 8233 5735 -1 3816 4154 7983 10980 5128 9065 2788 4903 3700 3947 5822 5492
-1 6733 5235 7390 3343 3961 4107 6789 5019 7515 5240 5899 7117 7053 1984 5519 4675 2362 3390 6528 2747 2505 4024 1573 2462 5577 5077 5886 6194 4819 1837 6238 3924 5448 6236 5921 6566 -1 4865 4518 6297 11344 6891 8538 3874 4838 6177 5888 5129 6615
-1 10134 6096 8251 4034 4822 4968 7650 6481 1580 7319 6760 7978 7914 2845 3488 5781 6626 4251 7389 7681 6612 8288 2434 6569 6438 5938 6747 7055 5925 2698 7099 4785 6242 8315 6782 6019 -1 5726 5379 6985 12205 7930 9399 7842 5542 7038 6749 5990 4958
-1 9312 6944 5743 5059 5775 4699 6196 3973 5895 4811 4252 5470 5406 5330 6934 4381 4185 1743 7714 6630 4328 5847 5549 4285 3930 6601 4239 7322 4525 5183 5199 5052 3801 5807 9764 7782 -1 3218 5154 8013 10305 6523 7423 5617 4305 6044 5342 5758 7801
-1 6858 7368 8169 3468 5456 5269 7978 5144 7289 5365 8032 8566 8580 4117 7652 7053 6357 5523 8661 2872 1475 8019 3706 1432 7653 5390 7867 6717 7197 3970 7534 6057 5973 6361 7110 6879 -1 6998 6651 6422 10868 7016 10268 7028 3808 7240 8021 853 6389
-1 10751 6143 11716 9431 5398 6309 7253 8690 8055 8220 10167 12210 7091 8344 6997 6398 7543 8517 8742 8901 7229 9205 7888 7186 7562 6514 10212 4782 6542 8197 8891 9769 8351 5006 11781 8003 -1 10862 7171 10251 13909 3622 10016 7947 8817 8520 8831 6607 7155
-1 8277 7117 9674 7060 3514 5847 5477 5121 5176 5959 3533 6193 4687 4706 4955 4356 3561 6475 5048 7125 3704 5223 4830 3661 3211 4630 8170 8470 4500 4559 4480 6200 4520 6501 9528 6119 -1 6486 5129 6557 9586 9345 7806 6534 1866 6767 8164 4565 5135
-1 13742 8931 13244 10564 8186 6686 11658 5960 11448 6798 11936 12810 11002 7610 10525 9531 9335 12045 11530 11518 8697 10997 10676 8654 9526 9302 12076 9309 9675 10333 10930 7039 8951 7794 13289 10791 -1 8872 9210 12207 16036 10184 13246 6777 9959 8756 9003 8075 10548
-1 7683 6501 6426 6302 4692 4180 5192 4645 5428 5483 6213 4387 6977 2057 4282 1108 912 4656 4441 5706 1055 2574 2839 1012 5501 4891 4922 7460 1252 1910 3601 5190 528 5691 6491 6380 -1 4236 1881 5950 8707 6797 4823 6529 3388 4961 6360 3892 4528
-1 10427 8609 8544 7038 3654 6921 8997 6774 8696 6476 7053 8271 8207 7687 5993 6074 6986 4544 8817 6442 5045 8648 2727 5002 6731 4770 7040 6771 6218 7540 8000 4501 6602 7472 10680 6259 -1 6019 6847 9992 13106 7646 9692 6674 5635 8845 6465 4423 8010
-1 9008 8190 7230 7599 6889 672 8143 5712 6212 6550 5922 7506 8495 6024 5254 4655 5800 6646 9750 7003 5486 7462 5601 5443 7019 6115 8469 6802 4799 6798 7148 4532 5837 7053 7275 7604 -1 5254 5428 9855 12254 5669 8273 7596 5241 2742 4488 4864 8041
-1 9929 5775 7112 6805 5030 1004 5819 6044 6544 6882 8866 7838 7604 6356 6636 6466 6553 6978 8374 6209 5840 8215 5933 5797 6128 6146 9474 7134 6610 7551 7969 4864 6169 4638 7607 7635 -1 5586 7169 9759 13075 3254 9791 7928 3518 8412 4820 5218 6787
-1 7878 6306 6961 4488 3037 4683 5727 5180 3858 5859 5949 2732 6734 2592 4196 1643 1447 4954 4976 3892 1590 3109 3137 1547 5258 4153 5457 7117 1787 2445 4136 5538 1063 5169 7026 5642 -1 480 2416 6485 9242 3785 4685 2879 1567 3306 2604 3020 5063
-1 5111 5751 6187 1721 4362 4123 5586 3397 6339 3618 4696 5914 5850 4803 4316 3717 4610 2187 8158 1125 4548 6272 370 4505 4374 3643 4683 6746 3861 5608 5035 4476 4226 4614 4718 5132 -1 3662 3315 4675 10141 5269 7335 2252 4749 6193 5786 3926 6068
-1 6961 6006 8786 5998 4125 4215 3845 3489 3544 4327 1901 6747 3055 3074 5452 3468 1929 5015 6801 5493 2072 3591 3198 2029 1579 5241 7282 6838 3408 2927 2848 4568 2888 4869 7896 5431 -1 5253 4241 8310 7954 7713 6174 6538 4405 6285 6532 4894 6888
-1 10883 3999 7290 8970 3254 5608 6726 7711 7585 6076 10070 11288 8511 8076 5593 8755 7846 7113 6598 8374 7071 9508 5744 7028 7035 4370 8616 6612 8864 7929 7817 8790 7462 2862 10092 5859 -1 9036 8488 8107 8909 10347 10669 6274 4472 10431 9424 8964 6685
-1 7950 7268 6067 5383 6099 4444 5466 4297 6219 5135 4576 5794 5730 5654 4196 3597 4509 2067 8038 6954 4428 6171 250 4385 4254 6205 4563 7646 3741 5507 4915 5376 4125 6131 4598 7694 -1 3542 3195 8337 10021 6847 7215 5941 4629 6368 5666 3806 5948
-1 9660 7917 9128 6573 7172 5672 8527 4946 4119 5784 7637 8855 8791 4769 5850 5307 6452 5128 3132 7030 6138 8114 3311 6095 7315 8288 7624 8259 5451 5237 6410 6025 7186 6780 7659 8381 -1 6603 6080 4641 11516 9170 8925 8157 7690 7742 7989 5516 3219
-1 3956 8235 7925 7218 4924 1367 8487 5264 6907 6102 6617 8201 3665 5622 5002 4403 4477 5515 10445 7698 4620 6139 3698 4577 6451 6040 8011 7098 4018 5475 5209 5227 6532 7098 7970 5197 -1 5573 5176 9607 5953 6364 8021 7148 3276 3437 5183 4612 7929
-1 11068 7601 13540 10955 6856 11925 8711 11313 9513 9678 12097 13668 10496 9802 9077 8478 9623 9965 10200 10359 9056 11285 8148 9013 9020 7972 12036 10214 8622 9655 10715 11742 9809 6464 11263 9461 -1 11440 8995 11709 15821 5080 12096 9876 10570 12498 10289 8687 8613
-1 9470 8012 7861 6080 7267 5767 7107 5041 7081 5879 6370 7588 7524 5574 1291 4625 4429 2811 7958 5484 4572 6091 2044 4529 6048 7669 6357 7671 4769 5427 7053 5401 4045 6875 6239 3822 -1 5336 5333 5566 11983 8546 8340 6611 6423 7837 7365 5600 8045
-1 9088 6361 8361 5698 5292 4116 7565 3390 7125 4228 3780 8626 8432 2313 6655 3481 1168 5359 8497 5102 1311 2830 3542 1268 6956 6408 7295 6739 3625 2166 1047 4469 4767 5224 7890 7897 -1 4492 4254 8652 6153 7053 9062 6229 3644 6186 6433 6245 6225
-1 -1 -1 -1 -1 -1 -1 -1 -1 -1 -1 -1 -1 -1 -1 -1 -1 -1 -1 -1 -1 -1 -1 -1 -1 -1 -1 -1 -1 -1 -1 -1 -1 -1 -1 -1 -1 -1 -1 -1 -1 -1 -1 -1 -1 -1 -1 -1 -1 -1
-1 1957 7720 7875 5219 4117 5746 6718 5913 6417 6751 4774 9211 4314 3623 5899 4791 2478 6669 9674 7543 2621 4140 4852 2578 4452 5233 8605 6291 4667 3476 5721 6992 5761 7742 9200 6722 -1 5802 5564 8173 10827 8363 8918 7137 2469 3387 7926 5509 7535
-1 7117 6084 8239 3727 4810 4956 1483 4867 3757 5624 4869 6440 3268 2833 5665 5278 2965 4239 7377 3131 1828 4627 2422 1785 1792 5926 6735 7043 3621 2686 3672 4773 2581 5082 6770 3260 -1 5714 5367 6681 8778 7740 6387 4723 4161 7014 6737 5978 6742
-1 9515 6287 6384 5700 5227 4042 3881 3316 6155 4154 4893 4469 5666 2466 7423 4780 3558 2384 8355 5529 1246 5220 3477 1203 4190 2243 4880 6665 4924 3741 3437 4395 4442 5150 3013 3732 -1 3859 5553 8654 8543 7164 6422 4147 3579 6112 5983 624 6160
-1 9410 5015 7632 7143 6565 1074 7742 4339 6614 5177 6324 7908 8897 5989 5656 3795 4940 7048 9909 6547 5083 3144 5792 5040 7421 6517 7609 7204 3939 5938 6288 4934 6239 6173 7677 8006 -1 4806 4568 10097 11394 6071 8675 6223 5643 3144 4890 5266 7321
-1 3089 7270 9007 4883 5249 5025 2639 4299 4913 5137 5906 9940 4424 4755 6821 5923 3610 2069 8346 4287 2984 5272 5215 2941 2948 6365 9528 7423 4777 4608 4828 5378 6893 6133 3284 6800 -1 6733 6696 7837 9586 8523 7543 6183 3601 4519 7342 6641 7898
-1 15022 10838 13639 12827 10798 9298 13563 8572 12805 9410 12331 14502 13614 10222 11663 9479 9855 6936 11818 12231 9998 8828 8958 9955 12138 11794 13271 11921 9623 10853 11972 9651 12833 10406 14862 13283 -1 10490 10252 13327 17078 12796 14682 10456 9937 9151 11615 11273 11905
-1 8515 4477 6632 5948 3203 3349 6031 4862 6757 5700 5141 6359 6295 1226 4761 4162 5074 2632 5770 7519 4993 6736 815 4950 4819 4319 5128 5436 4306 1079 5480 3166 4690 6696 5163 5808 -1 4107 3760 7279 10586 6311 7780 6223 5194 5419 5130 4371 5857
-1 7784 6460 6006 6458 3952 4215 7515 3489 5172 4327 4698 6869 6805 3367 4030 3431 2222 3142 4185 6967 2365 3884 1325 2322 5329 5068 5638 6838 3575 3220 5924 4568 5200 5323 8712 6557 -1 4617 4204 5694 11030 7713 7049 6972 2304 1518 6532 3640 4272
-1 10669 9011 5332 7688 8404 5070 8825 6602 8483 7440 6881 8099 8035 7959 6915 6316 6814 4372 10343 9259 4587 7140 7825 6914 6559 9230 6868 9951 6460 7812 7828 7681 6430 8436 11673 10411 -1 5847 7089 10642 12934 9152 8711 8246 6920 4403 7971 6525 9842
-1 7940 6121 8032 4550 1166 6351 6758 6226 6457 3988 4814 7474 5968 5199 3505 5637 4842 5025 6329 3954 2557 6504 4258 2514 4492 2282 6528 7799 5781 5052 5729 7139 5801 4984 8192 3771 -1 7550 6400 7504 10835 8098 9087 4186 3147 8048 9103 1935 6416
-1 -1 -1 -1 -1 -1 -1 -1 -1 -1 -1 -1 -1 -1 -1 -1 -1 -1 -1 -1 -1 -1 -1 -1 -1 -1 -1 -1 -1 -1 -1 -1 -1 -1 -1 -1 -1 -1 -1 -1 -1 -1 -1 -1 -1 -1 -1 -1 -1 -1
-1 9474 5932 1710 8718 6238 2649 8659 5914 7115 6752 7899 9483 6626 6445 6480 5370 5669 6589 7632 8122 3803 4719 4772 3760 5150 7354 206 8545 5514 6298 7030 6509 7814 6429 9252 8843 -1 6381 6143 6914 11471 7646 5089 7798 4590 4719 6465 6841 7719
-1 8476 6273 7527 4741 5528 4222 6293 4077 2287 4915 6617 6895 4570 2099 4195 2209 3354 4958 8096 5086 3497 5016 3141 3454 3094 5992 6023 2877 2353 3405 4702 607 6949 5136 7489 6726 -1 6433 2982 7692 9808 3752 7689 7630 4950 6292 2571 4993 4116
-1 4594 5234 8467 1204 3845 3606 5904 2880 7058 3101 8856 7568 6865 4286 6184 6406 4093 5334 7833 608 4236 5755 5135 4193 5389 3126 7372 6229 5062 5091 6573 3959 3709 4097 6549 4615 -1 5792 5513 4158 11679 4752 8004 4764 6569 5676 5923 7702 7468
-1 5933 6625 9888 9195 3022 5216 9352 9111 8571 5844 8750 10566 8290 7599 5361 8329 6454 6881 10576 9554 6597 8116 6114 6554 8428 4138 8384 5196 8473 7452 7585 9076 6707 6840 10309 5627 -1 9406 8256 9636 12691 10115 10006 6042 1374 7363 9032 8732 10663
-1 5612 7767 6577 4292 6071 2503 5343 4796 3426 5634 7552 7975 7128 3549 1858 1259 2404 3378 8525 5769 2090 4066 4280 2047 5652 5042 5073 8145 1403 3402 3752 5875 4612 6630 6642 6531 -1 5723 2032 7246 8858 7500 4877 6680 4423 5622 6319 1468 4785
-1 5848 4950 8241 2458 4205 4324 214 3598 2488 4355 4855 5171 1999 2841 4396 4009 1696 4607 6370 1862 559 3358 2790 516 523 5321 7103 6947 2352 2694 2403 4677 1312 3813 7138 4375 -1 5020 4782 5412 7509 7050 5118 5482 2892 5745 6641 4992 5473
-1 8142 5123 7449 4752 3059 2878 2508 2152 2351 2990 564 5410 4293 3080 5305 2131 1935 5022 5464 4156 2078 3597 3205 2035 2817 4175 5945 5501 2275 2933 4624 3231 1551 3986 7514 5664 -1 5064 2904 6973 9730 6376 5846 6079 4411 4948 5195 4915 5551
-1 8482 7669 5788 6575 6924 2888 7713 7058 8428 7896 7337 8555 7810 5457 7371 5959 4312 4828 9292 5979 4455 5974 6686 4412 7015 8040 5486 4336 6103 5310 8284 6748 5379 6532 9491 9529 -1 6303 6732 9529 10479 5148 9167 8702 5412 4859 6704 3960 8029
-1 8352 3541 7854 5174 2796 1296 6268 570 6058 1408 6546 8130 5612 2220 5135 5279 6137 6655 6140 6128 6014 7799 5286 5971 4136 3912 6861 3919 5423 7135 5540 1649 6461 2404 7899 5401 -1 3482 3820 6817 10646 4794 8731 5816 4569 3366 3613 5488 5158
-1 -1 -1 -1 -1 -1 -1 -1 -1 -1 -1 -1 -1 -1 -1 -1 -1 -1 -1 -1 -1 -1 -1 -1 -1 -1 -1 -1 -1 -1 -1 -1 -1 -1 -1 -1 -1 -1 -1 -1 -1 -1 -1 -1 -1 -1 -1 -1 -1 -1
-1 7002 10729 10578 8797 7970 4413 9824 7758 9798 8596 9087 10305 6711 8291 4008 7342 7146 5528 10347 8201 7289 8808 4761 7246 8765 9086 9074 10144 7064 8144 8255 8118 6762 9592 8956 6539 -1 8053 8050 8283 8999 9410 11057 9328 6322 6483 8229 7658 10762
-1 8147 5348 8224 4757 4603 5305 6458 5160 3370 5998 5692 4664 5653 3182 5278 3292 3379 6041 6908 4161 3522 5041 4224 3479 4177 5115 7106 3960 3436 4377 5785 1690 2995 4211 8094 6604 -1 2412 4065 7013 10891 2827 6617 4811 3499 5238 1646 4952 5199
-1 9861 6786 7174 4724 5098 5658 7864 7171 2270 7920 7450 6308 8604 3535 6954 3780 4925 4941 8079 7468 1117 6587 3124 1074 7128 6214 5670 6966 3924 3388 6273 4696 4639 8745 7472 7703 -1 4056 4553 7675 11379 7361 8261 6455 3450 6882 6180 6051 6031
-1 4579 4076 6692 5709 3331 1831 4129 1105 6403 1943 7081 8665 5914 2755 5670 5814 4919 3559 6675 5777 4474 6581 3360 4431 4438 1351 5597 4454 5958 5917 4798 2184 6996 2939 4774 2840 -1 4017 4355 8184 9904 5329 9033 2989 5091 3901 4148 6023 5693
-1 6295 6250 6052 2905 1295 3439 6770 4581 5476 4117 4744 990 6131 2593 2454 3278 4423 3371 8849 2309 1900 2627 1554 1857 5558 2411 5867 5375 3422 2446 5771 3796 5101 5113 5902 3900 -1 4289 4051 5859 8419 4933 2943 3436 4233 1564 3752 1278 6804
-1 5126 7281 6091 6381 5585 4592 4857 4310 5199 5148 7066 7489 6642 3063 1372 773 1918 2892 8039 6505 1604 3580 3835 1561 5166 4556 4587 7659 917 2916 3266 5389 4126 6144 6156 6045 -1 5237 1546 9335 8372 7803 4391 6194 3937 7106 7353 982 4299
-1 -1 -1 -1 -1 -1 -1 -1 -1 -1 -1 -1 -1 -1 -1 -1 -1 -1 -1 -1 -1 -1 -1 -1 -1 -1 -1 -1 -1 -1 -1 -1 -1 -1 -1 -1 -1 -1 -1 -1 -1 -1 -1 -1 -1 -1 -1 -1 -1 -1
-1 0 6557 8152 6182 4645 3789 6918 3956 6478 4794 7221 7254 2357 1666 5740 2834 521 4712 7850 5586 664 2183 2895 621 6899 5761 6648 7305 2710 1519 5327 5035 5594 5790 7243 7250 -1 3845 3607 8506 10433 6406 8759 5840 2997 5859 5969 5350 5578
-1 8361 0 7562 4971 6054 5939 2727 5792 5001 6630 6071 7289 4512 4077 5691 5092 4209 3562 8621 4375 3072 5871 1745 3029 3036 7170 6058 2613 4865 3930 4916 6017 3825 6326 6093 4504 -1 5037 4690 7925 10022 8342 7631 5967 5405 7863 7161 5301 7443
-1 9291 4222 0 9193 4528 6858 6949 8371 7907 7350 7185 9868 8339 4735 6867 7636 5571 6141 8455 8597 2093 7233 4324 2050 6863 5644 8637 6835 7780 4588 8132 6675 7023 4719 8672 7133 -1 7616 7269 9964 10766 9820 3379 7548 2880 5723 8639 7027 7007
-1 8106 7113 9877 0 6368 3769 8223 5548 6150 6386 8798 10085 5661 3082 5215 6289 4859 6358 9496 4120 5002 6521 4541 4959 4185 6640 8701 8897 3858 4805 6065 6627 7221 5976 8889 8037 -1 7833 7062 2954 11171 4592 8780 6449 6283 7275 7585 6498 8125
-1 8769 4955 6866 6588 0 6180 7682 6089 5549 2822 7296 8636 8478 5806 2339 5501 4684 3859 7554 6532 4827 6346 3092 4784 7096 1116 5362 7568 5645 5682 4563 6449 5093 3818 7287 2605 -1 6384 5234 6614 9669 7093 9119 3020 7160 7177 8413 5710 7641
-1 9128 7518 9974 6927 6217 0 7471 5040 5540 5878 7862 6834 7823 5352 7448 5462 5549 5974 9078 6331 4836 7211 4929 4793 6347 5443 8470 6130 5606 6547 6965 3860 5165 6381 6603 6932 -1 4582 6235 9183 12071 4997 8787 6924 4569 7408 3816 4214 7369
-1 5634 4736 8027 2244 3991 4110 0 3384 2274 4141 4641 7301 1785 2987 4182 4569 2310 4393 6156 1648 345 3972 2576 302 309 5107 6889 6733 2138 2840 2189 4463 4749 3599 6924 4161 -1 5634 5342 5198 7295 6836 4904 5268 2678 6180 6427 4778 5259
-1 8948 2971 7284 4604 2226 726 5698 0 5488 838 5976 7560 5042 1650 4565 4709 5567 6085 5570 5558 5540 7229 4716 5497 3566 3342 6291 3349 4853 6565 4970 1079 5891 1834 7329 4831 -1 2912 3250 7079 10076 4224 8161 5246 3999 2796 3043 4918 4588
-1 8554 4516 6671 2454 3242 3388 6070 4901 0 5739 5180 6398 6334 1265 4800 4201 5113 2671 5809 6574 5032 6775 854 4989 4858 4358 5167 5475 4345 1118 5519 3205 4729 6735 5202 5847 -1 4146 3799 5405 10625 6350 7819 6262 5233 5458 5169 4410 5896
-1 8214 2133 6957 3766 1388 5902 4860 5176 5417 0 8022 9422 6645 5229 3727 4734 5879 5247 4732 6508 5205 7541 3878 5162 5169 2504 5453 4746 4878 6063 4132 3737 5958 996 8226 3993 -1 7170 2412 6241 9238 4977 8352 4408 6355 7972 5701 4943 4819
-1 8142 4559 6885 6192 3814 2314 5651 1588 5887 2426 0 4846 6630 2516 4741 1567 1371 5115 4900 6165 1514 3033 3298 1471 5154 4930 5381 4937 1711 2369 4060 2667 987 3422 6950 6419 -1 4500 2340 6409 9166 5812 5282 6834 3847 4384 4631 4351 4987
-1 7468 8381 7606 5636 6034 3273 6372 5825 6677 6663 5759 0 6913 4578 5462 2288 3433 6102 10659 5040 3576 1637 4285 3533 5437 6071 6102 7020 2432 4431 4781 6904 6743 7244 7671 7560 -1 3299 3061 8590 9887 5860 1953 5698 4386 8621 5423 5072 5814
-1 3906 4570 7186 5817 3825 2325 6868 1599 4951 2437 6723 6925 0 2499 3383 2784 1354 4903 7169 6419 1497 3016 3728 1454 5165 4941 6598 4948 353 2352 5277 2678 5256 3433 8076 6430 -1 4511 3557 8337 10383 5823 6402 3483 3830 4395 4642 2993 6187
-1 10459 9641 7123 9050 8340 2123 9594 7163 7663 8001 7373 8957 9946 0 6705 6106 7251 8097 11201 8454 6937 8913 7052 6894 8470 7566 5619 8253 6250 8249 7901 5983 7288 8504 8726 9055 -1 6705 6879 6840 13007 7120 9724 9047 6692 4193 5939 6315 7542
-1 9606 6721 8587 8244 5976 4476 7418 3750 5790 4588 5694 6613 8073 4283 0 3334 3138 1520 6667 7932 3281 4800 5065 3238 6597 6378 7083 6380 3478 4136 5762 4110 2754 5584 8717 7867 -1 6462 4042 8176 10868 7255 7049 5634 5614 6546 6074 6118 6754
-1 6575 6508 5318 5608 5269 3819 4084 3537 4426 4375 7263 6716 5869 2290 3174 0 1145 4694 8474 5732 1288 2807 3519 1245 4393 3783 3814 6886 144 2143 2493 4616 5047 5371 5383 5272 -1 4464 773 8562 7599 7030 6193 5421 3621 6333 6580 2784 3526
-1 8328 6036 7631 5661 4124 3268 6397 5850 5957 6688 6700 7918 7854 1145 5487 2313 0 4191 7329 5065 143 1662 2374 100 6378 5240 6127 6995 2457 998 4806 4725 5073 7269 6722 6729 -1 3324 3086 7985 9912 5885 8506 5723 2476 5338 5448 5077 5057
-1 8086 5201 7817 6834 4456 2956 7254 2230 7718 3068 7636 9790 7272 3880 6795 6939 7797 0 6277 7788 7599 9005 6867 7556 5796 4858 8521 5579 7083 8795 7200 3309 8121 4064 8281 6347 -1 5142 5480 7786 12306 6454 10391 4114 6229 5026 5273 7148 6818
-1 6528 4785 7493 5208 4040 2540 6259 1814 4342 2652 6011 7195 6856 1637 2774 2175 3320 4294 0 6685 3006 4982 3096 2963 5380 5156 5989 5163 2319 3360 3278 2893 5526 3648 7444 6645 -1 4726 2948 1509 8384 6038 5793 7060 5339 4610 4857 2384 5701
-1 3986 4626 9450 596 3881 4365 7353 6144 6746 2493 8867 6960 6257 3678 5811 5798 3485 6954 7225 0 3628 5147 5137 3585 4781 4997 7946 7239 4454 4483 6625 6230 3101 3489 9485 6486 -1 6809 4905 3550 11731 5188 7396 6901 5961 7534 8181 7094 7312
-1 8744 7584 9055 7549 3981 7432 9508 7285 9207 6803 7564 8782 8718 6459 6320 6585 5314 5055 9328 6953 0 6976 3238 5414 7242 5097 7551 7282 6729 6312 8511 5012 4930 7799 11191 6586 -1 6530 7358 10503 13617 8157 9225 7001 2333 9356 6976 4934 8521
-1 7226 6744 5969 3999 4397 1636 4735 4188 5040 5026 6974 7063 6520 2941 3825 651 1796 4465 9125 3403 1939 0 2648 1896 5044 4434 4465 5383 795 2794 3144 5267 5698 5607 6034 5923 -1 1662 1424 6953 8250 4223 6844 4061 2749 6984 3786 3435 4177
-1 7700 7018 5817 5133 5849 4194 6270 4047 5969 4885 4326 5544 5480 5404 3946 3347 4259 1817 7788 6704 4178 5921 0 4135 4004 6675 4313 7396 3491 5257 5273 5126 3875 5881 8730 7856 -1 3292 4120 8087 10379 6597 6965 5691 4379 6118 5416 3556 6873
-1 8787 5936 8091 7407 4024 4808 7490 6321 5857 6846 6600 7818 7754 2685 6220 5621 5357 4091 7229 6996 43 7019 2274 0 6278 5140 6587 6895 5765 2538 6939 4625 4973 7842 6622 6629 -1 5566 5219 8738 12045 7770 9239 7044 2376 6878 6589 4977 4957
-1 5382 4427 7718 4419 3682 3801 6258 3075 1965 3913 4613 8363 1476 3146 3873 4260 2001 4636 7026 5935 2144 3663 2819 2101 0 4798 7132 6424 1829 2999 1880 4154 5600 3290 7167 3852 -1 5325 5033 7370 6986 7299 4595 4959 4477 5871 6118 4469 5343
-1 7653 4989 5750 7142 5347 5064 7225 5790 7978 6628 6180 7553 7362 4690 5955 5356 3568 3826 8728 7502 3711 5230 2009 3668 6013 0 4246 7137 5500 4566 3447 6194 5884 7361 6357 1489 -1 5301 4954 10096 8553 5977 8974 1904 6044 6061 7425 5565 7707
-1 10326 5726 1504 9363 6032 8362 8453 8019 6909 8854 8689 11372 6420 6239 8371 9140 6945 7645 9959 9924 3597 8607 5828 3554 4944 7148 0 8339 6773 6092 6824 8179 8527 6223 10176 8637 -1 6767 8773 6708 11930 10072 4883 9052 4384 7227 8891 8531 8511
-1 7380 8044 8929 9291 5683 5799 10342 5073 8425 5911 10197 10399 3474 5973 6857 6258 4828 8377 10643 9893 4971 6490 7202 4928 8639 6799 7425 0 3827 5826 8751 6152 7987 6907 11550 8288 -1 7985 7031 11811 9127 9297 9876 6957 4035 7869 8116 6467 9661
-1 6784 7037 7749 5464 5125 3675 6515 5968 4598 6806 7701 6572 8300 2146 3030 2431 1001 4550 8330 6066 1144 2663 3375 1101 6824 6214 6245 7996 0 1999 4924 5726 4903 7802 7723 7703 -1 4320 3204 8418 10030 6886 6049 6719 3477 6339 6444 2640 5957
-1 10487 9788 7270 9197 8487 2270 7996 7310 7810 8148 7520 9104 9781 147 6852 3912 5057 8244 11348 8601 5200 6719 7199 5157 8305 7695 5766 8400 4056 0 6405 6130 7435 8651 8873 9184 -1 6852 4685 6987 11511 7267 9871 9194 6839 4340 6086 6462 7438
-1 10008 6348 7314 7819 5074 4414 7902 6733 8628 7571 7012 8230 8166 3097 6632 6033 5838 4503 7641 7505 5981 7500 2686 5938 6690 6190 6999 5862 6177 2950 0 5037 6561 8058 7034 7679 -1 5978 5631 8928 5106 6674 9651 8094 6938 6385 6748 5486 7728
-1 7869 5666 8542 5075 4921 5642 6776 5562 4409 6400 6010 8670 3963 5311 6360 6747 4488 6538 7525 4479 4631 6150 4721 4588 2487 5433 8240 2270 4316 5486 4367 0 6997 4529 9069 6339 -1 7812 7060 8029 9473 3145 7082 7337 4343 7613 1964 6714 3509
-1 8712 5973 8015 5774 4164 3652 6781 4969 6341 5807 5766 3859 7791 1529 5323 2697 384 4128 7266 5178 527 2046 2311 484 6315 5280 6511 6932 2841 1382 5190 4662 0 6803 6659 6769 -1 3708 3470 8369 10296 6269 4295 6107 2860 4433 5832 4147 5441
-1 9161 1137 7258 6108 392 5575 3864 4849 4723 3214 7208 8426 5649 5214 2731 5893 5076 4251 3736 5512 4209 6738 2882 4166 4173 1508 5754 3750 6002 5067 4955 5928 4962 0 7230 2997 -1 6174 5626 5245 10061 7485 8768 3412 6542 7569 7892 6102 3823
-1 6502 5604 8895 3112 4859 4978 868 4252 3142 5009 5509 8169 2653 3855 5050 5437 3178 5261 7024 2516 1213 4840 3444 1170 1177 5975 7757 7601 3006 3708 3057 5331 5455 4467 0 5029 -1 6502 6210 6066 6302 7704 5772 6136 3546 7048 7295 5646 6127
-1 6164 7538 6337 5653 3858 3575 5736 4567 6489 5405 4846 6064 5873 5924 4466 3867 4779 2337 8308 6646 4698 6441 520 4655 4524 4974 4833 6975 4011 5777 5185 4705 4395 6401 4868 0 -1 3812 3465 8607 8161 7117 7485 6211 4899 5645 5936 4076 6218
-1 -1 -1 -1 -1 -1 -1 -1 -1 -1 -1 -1 -1 -1 -1 -1 -1 -1 -1 -1 -1 -1 -1 -1 -1 -1 -1 -1 -1 -1 -1 -1 -1 -1 -1 -1 -1 -1 -1 -1 -1 -1 -1 -1 -1 -1 -1 -1 -1 -1
-1 7498 5826 8702 5235 2735 4203 6936 7758 3378 5557 6170 5401 6254 4643 5074 6993 6198 6049 7685 4639 4439 7038 4232 4396 4778 3851 8097 7250 6351 4496 6658 6583 7157 4689 8580 5340 -1 0 7177 8189 11764 3305 7354 2399 1087 5695 2124 3817 6838
-1 5802 5735 4545 6107 4990 3490 5788 2764 3653 3602 8732 9950 7573 4414 7329 7473 6323 5218 8334 7436 6133 7985 4406 6090 6097 3010 3041 6113 7617 4670 1720 3843 8281 4598 6433 4499 -1 5676 0 9058 6826 6988 7924 4648 6750 5560 5807 7206 2753
-1 7688 5249 7251 6368 3975 2251 6803 5634 5502 6472 5913 7131 7067 128 3934 3335 1905 3404 6542 6970 2048 3567 1587 2005 5591 3686 5747 6208 904 1851 5828 3938 5462 7468 5935 5175 -1 4879 4108 0 10934 7083 6953 5590 4381 4321 5902 3544 6474
-1 8260 8457 4488 4870 4854 6073 6315 6461 6516 6767 4873 7533 6027 3950 6295 5696 4901 5336 6388 4274 5044 6563 3519 5001 4551 5970 7832 9810 4726 5673 5820 7540 5860 7763 7867 7459 -1 6811 6464 3822 0 8418 7867 5401 3206 8107 8935 5905 6475
-1 9265 2521 8460 5875 1776 6845 3631 6233 4433 4598 7017 8588 5416 4722 4115 7277 5113 5635 5120 5279 3976 6775 4266 3933 3940 2892 6956 5134 5769 4575 5635 6662 4729 1384 8614 4381 -1 7558 3915 6629 10741 0 8535 4796 6309 8915 5209 7486 3533
-1 6383 7911 10024 6288 6030 5691 5750 5394 5449 6232 3806 8319 4960 4979 7357 4706 3834 5363 8706 5692 3977 4055 4937 3934 3484 6028 8520 8743 4850 4832 4753 6473 4793 6774 6578 7336 -1 5717 5479 9242 9859 8278 0 6819 6310 7813 7841 6799 8232
-1 10641 6594 7316 7251 5849 6760 7704 8927 8506 8671 10226 11444 7542 8795 7448 6849 7994 7717 9193 6655 7680 9656 5900 7637 8013 6965 5812 5233 6993 8648 9342 10006 8802 5457 10248 8454 -1 9192 7622 10205 14360 4073 10467 0 9268 8971 9282 7058 7606
-1 6411 5251 8514 8236 1648 7329 7978 7737 7197 4470 8944 10234 8768 7454 3987 6955 6332 5507 9202 8180 6475 7994 4740 6432 8287 2764 7010 7864 7099 7330 6211 8097 6375 5466 8935 4253 -1 8032 6882 8262 11317 8741 8632 4668 0 7841 10061 7358 9289
-1 6266 7482 4488 4946 6725 3157 5997 4768 4080 5606 3180 8026 7782 4203 2512 1913 3058 4032 8080 6423 2744 4720 4934 2701 6306 5696 5727 8117 2057 4056 4406 5847 4167 6602 7296 7185 -1 6377 2686 7900 9512 8154 5531 7334 5077 0 6973 2122 5439
-1 6501 3702 6578 3111 2957 3678 4812 5634 4619 5008 4046 6706 4130 5219 5296 4869 4074 4574 5561 2515 4217 5736 2757 4174 2654 3469 6276 5126 4483 5072 4534 6713 5033 2565 7105 4958 -1 6049 5096 6065 9640 1181 7249 5373 2379 5649 0 4750 4714
-1 9366 6515 8670 7986 4603 5387 7125 5664 6436 6502 7179 7713 8333 3264 6799 6200 5936 4670 7808 7575 622 7598 2853 579 6857 5487 7166 7474 6344 3117 6681 5204 5552 7498 6257 6976 -1 6145 5798 9317 11787 8349 9666 7391 2955 7457 7168 0 5536
-1 9454 5416 7571 3354 4142 3925 6970 5801 900 6639 6080 7298 7234 1802 5700 5101 6013 3571 6709 7474 5932 7675 1754 5889 5758 5258 6067 5040 5245 2018 6419 4105 5629 7635 6102 6747 -1 5046 4699 6305 11525 7250 8719 7162 6133 5995 6069 5310 0
-1 -1 -1 -1 -1 -1 -1 -1 -1 -1 -1 -1 -1 -1 -1 -1 -1 -1 -1 -1 -1 -1 -1 -1 -1 -1 -1 -1 -1 -1 -1 -1 -1 -1 -1 -1 -1 -1 -1 -1 -1 -1 -1 -1 -1 -1 -1 -1 -1 -1
3052 8650 7284 2969 4745 2784 4944 5866 6242 1175 3117 8089 5707 4461 5320 7327 2645 4718 9458 6334 5693 7594 -1 4306 7801 5204 7244 6756 4384 2080 8619 3248 3663 -1 7002 6656 4978 5401 3882 8951 6657 6759 8239 -1 8882 5573 5891 5266 7449 4368
4888 2093 3421 1819 6724 6418 3835 1975 5092 3583 5267 7736 4557 3715 4170 3464 1495 5489 6712 5507 5618 3869 -1 6461 1244 7462 7427 7497 6792 2851 8949 6898 6071 -1 5852 9192 4232 7556 6037 2513 5507 6442 7089 -1 6005 8109 4053 6007 6299 4319
7467 6315 7248 4398 6174 7834 6373 6197 7644 2604 6186 9215 7136 7937 5284 1857 4074 5323 9341 7763 5576 7696 -1 7334 5466 10006 10006 6673 5813 3509 10187 7777 5092 -1 8431 8095 8438 8429 6377 6735 6621 7321 8203 -1 8386 9028 8275 8056 8878 6863
6356 7589 4570 4615 9083 6900 8098 7471 7441 5513 4533 2765 7353 8799 6966 4613 4291 6364 10245 8303 6767 5018 -1 7610 6740 7359 10070 10211 6090 3726 10098 8047 8001 -1 8495 7022 8637 6964 5030 8009 8303 7591 9816 -1 10528 5939 7039 8721 9095 5516
5185 7048 3969 3166 6379 3471 6578 6930 4565 2809 5508 7983 5904 5407 5517 7394 2875 4422 4813 5938 1048 3516 -1 6812 6199 7871 6731 8383 5548 5539 5659 4987 5297 -1 5156 5842 5924 6715 6817 7468 6854 6089 8097 -1 7548 8350 8737 6893 7646 4728
4136 7994 3960 4231 6269 7233 4329 7390 4637 5347 5094 6500 4102 6869 5961 6775 4679 5946 8310 6090 6157 5980 -1 7171 7145 3590 8671 9384 2321 5579 9488 5062 7835 -1 8264 3253 7386 3195 6778 8414 7298 4606 8880 -1 7277 2170 8787 7894 5844 7264
2480 5933 694 2650 4426 4573 1108 5547 5100 856 3438 5009 5388 5119 2740 737 2326 3024 6369 6015 2891 1142 -1 3734 5084 6939 7015 8198 4065 1761 6222 4171 3344 -1 6683 7271 5636 4829 3310 6353 4077 3715 5659 -1 7103 6280 5319 7001 6311 3796
4819 5064 3951 4790 5128 2193 3556 4946 5363 5035 54 5727 4828 6686 5188 3994 4466 2438 7039 3954 3274 4399 -1 6991 4215 4316 6381 6108 2921 5527 7885 4289 4046 -1 7063 3968 7203 3921 3450 5484 6525 3833 6113 -1 8003 2896 7024 4618 6570 3936
3997 6609 5243 928 5833 6713 5682 6491 4201 3750 2716 5219 3666 6433 3279 5286 604 2677 7874 4616 4290 5691 -1 8080 5760 6571 6536 6948 5583 39 3948 6415 6238 -1 4961 6641 6950 6583 5517 6910 4616 5959 6198 -1 6841 5558 7526 5458 5408 3428
4272 4226 3837 3952 4290 1355 4489 4108 5953 4197 5230 6531 6690 5848 6121 5597 3628 1600 6201 3116 2436 4904 -1 6693 3377 7104 8119 5561 2726 4984 7047 6114 3208 -1 6544 3130 6365 7788 5648 4646 7458 5658 5275 -1 8138 8072 6186 4071 8432 3961
4200 6652 5539 3372 4281 3634 3139 5402 459 2025 1642 7315 5551 5040 4771 3288 3048 1768 6322 5542 4862 5987 -1 6621 5803 3937 7969 5489 4509 2483 7352 5877 4513 -1 7405 5556 5557 5509 2883 7072 6108 5421 1018 -1 8726 4484 4631 3999 3856 3369
4921 8857 5822 4359 6317 2238 5936 7438 6218 4087 5879 7543 6272 3915 3858 5865 4035 7527 9768 8047 7082 5595 -1 6379 8008 4658 9456 5247 5594 4992 8073 6669 6575 -1 8392 6526 4432 6468 3604 7489 5195 6213 6777 -1 9447 5443 5613 4720 7710 4090
695 6663 5550 3802 5578 3617 5155 6545 4728 2008 1653 7326 4193 5294 4822 5593 3478 4037 8401 5553 4873 5998 -1 1949 5814 5154 5230 6706 4520 2913 8569 5888 4496 -1 7835 5567 5811 3044 1525 7083 6159 5432 7712 -1 7368 4495 3534 5216 5935 2011
6259 10117 6083 6354 8392 9356 6452 9513 6760 7448 1451 8623 6225 8992 8084 7672 6802 8069 10433 8213 8280 6854 -1 9294 9268 5713 6988 10028 4318 7612 8860 6501 9936 -1 5413 5376 9509 5318 4847 10537 8349 6729 8391 -1 7885 4293 9431 8538 7967 5333
2846 8814 4210 5139 6048 5401 4906 7169 2226 3792 3804 8758 7318 6807 6538 5055 4815 3535 8089 6340 6407 7430 -1 7649 7965 5704 7381 6517 6671 4250 9054 7320 6280 -1 9172 3503 7324 7671 4650 9234 7875 6864 6712 -1 10493 6646 6398 5027 5623 5136
2633 8601 4778 3011 5369 3408 5192 6490 4519 1799 3591 5913 3984 5085 5362 4821 3269 5342 7480 6958 6317 4760 -1 5054 7752 2370 7168 3922 5008 2704 5785 4475 4287 -1 7044 6677 5602 6149 1316 8993 6699 4019 8281 -1 7159 5989 3325 2432 5726 1802
4946 8129 6763 2448 4224 2263 4423 5345 5721 654 2596 7568 5186 3940 4799 6806 2124 4197 8937 5813 5172 7073 -1 6371 7280 4683 8056 6235 3863 1559 8098 6694 3142 -1 6481 6521 4457 6463 3629 8430 6136 6238 7718 -1 8361 5438 5638 4745 6928 4115
1326 7294 6181 6941 7358 4423 5786 7176 7593 6551 2284 7957 7058 8916 7418 6224 6617 4668 8555 6184 5504 6629 -1 6129 6445 6546 5861 4997 5151 7757 9401 6519 6276 -1 8898 6198 9433 6151 5680 7714 8755 6063 8343 -1 10233 5126 9254 3507 8800 6166
4808 6878 5765 3170 6630 4007 5370 6760 4998 3517 1868 6698 4463 6208 5521 5808 2846 4252 8671 5768 5088 2231 -1 7229 6029 4545 8195 6097 4735 2281 7960 5260 5860 -1 7050 5782 6725 5735 916 7298 6858 4804 7029 -1 7638 4710 5500 4607 6205 1402
6765 6719 5166 5211 6395 3848 6982 6601 8037 4139 5129 3361 7949 7154 7562 5209 4887 4093 8436 5609 4929 5614 -1 8206 5870 7955 10612 8054 5219 4322 9540 7234 5701 -1 9037 5623 7671 7560 5626 7139 8899 8151 7500 -1 10631 6535 7635 6564 5970 6112
6381 9677 7627 3312 4081 7452 4280 5202 6585 511 6760 8356 6050 8817 5663 7670 6856 6196 8794 9919 5029 7497 -1 6787 8828 8178 8920 9610 3720 6426 9640 6918 2999 -1 7345 9823 6345 7882 7901 9294 7000 6462 8582 -1 9225 9602 9910 8120 7792 5812
3284 7220 5429 2722 4680 601 4299 5801 5170 2450 4242 5906 4635 2278 5073 5472 2398 5993 8131 6410 5445 5411 -1 5705 6371 3021 7819 4573 3957 3355 6436 5032 4938 -1 6755 4889 2795 4831 1967 7640 6410 4576 7992 -1 7810 3806 3976 3083 6073 2453
3143 9111 4389 74 4979 6142 5929 6100 3347 2896 3522 7898 2812 5579 2425 4432 5699 4656 7020 8001 5717 4837 -1 7429 8262 5717 5682 6814 6105 5158 7554 6662 5384 -1 4107 7447 6096 7389 4663 6056 3762 6206 5344 -1 5987 6364 6672 5324 4554 2574
5417 8029 6663 2348 4124 7495 4323 5245 5621 554 4136 8399 5086 7853 4699 6706 2024 4097 8837 5713 5072 7111 -1 6830 7180 7991 7956 8368 3763 1459 9683 6961 3042 -1 6381 8061 6388 7925 6937 8330 6036 6505 7618 -1 8261 6978 8946 6878 6828 4848
2171 5624 385 2893 6225 4264 4061 5506 5072 2655 3129 5300 5631 4810 5244 428 2569 3894 6060 6581 2582 833 -1 3425 4775 6630 6706 7889 5020 2004 5913 3862 5143 -1 6926 7043 5327 4520 3001 6044 6581 3406 5631 -1 6794 5971 5010 6692 7373 3487
5152 7082 6398 2083 5263 2355 5462 6384 5356 1693 4392 6867 4821 6377 4434 6441 1759 5596 3697 5771 6395 2400 -1 5696 6233 7726 5615 8103 4902 5127 4543 3871 4181 -1 4040 8317 6894 5599 6672 7502 5771 4973 7198 -1 6512 7234 8681 6613 6563 4583
7115 7819 5329 5902 7678 9208 7877 7701 9148 4108 7690 10244 8640 9441 6788 3361 5578 6827 10845 9267 7080 5777 -1 8369 6970 11510 11510 8177 7317 5013 10857 8806 6596 -1 9935 9599 9942 9464 7881 8239 8125 8350 9707 -1 9890 10532 9779 9560 10382 8367
4169 10137 9024 7276 9052 7091 8629 10019 8202 5482 5127 10370 7667 8768 8296 9067 6952 7511 10496 5926 6731 9199 -1 5423 9288 8628 8704 10180 7994 6387 10666 8932 7970 -1 7219 9041 9285 6518 4999 10557 9633 8476 11186 -1 9691 7969 7008 8690 9409 5485
5064 9130 7209 3449 5225 3264 5424 6346 4375 1655 3597 8229 3840 4941 5800 7204 3125 5198 8048 6814 6173 7191 -1 7372 8281 4801 9057 6353 4864 2560 8216 6796 4143 -1 7482 6533 5458 6870 1172 9431 7137 6450 8719 -1 7015 5845 3181 4863 5582 1658
6406 10264 6230 6501 8539 7320 6599 9660 6907 5711 1598 8770 6372 8997 8231 7819 6949 8216 10580 8360 8427 7001 -1 8966 9415 5860 7135 7834 4465 6616 9007 6648 8199 -1 5560 5523 9514 5465 4994 10684 8496 6876 8538 -1 8032 4440 6903 6344 8114 5480
5829 8441 7075 2760 4633 8101 6446 5754 6033 5582 4548 3420 5498 8255 5111 7118 2436 4509 6052 6448 6122 7523 -1 8051 7592 8004 5978 8780 6510 1871 10240 1982 8070 -1 6793 7667 6897 7609 7039 8742 6448 1526 8030 -1 8673 6584 9358 7290 7240 5260
4658 6142 2872 4795 5861 6751 2477 6024 6469 4580 5616 4648 7533 7297 4109 2915 4471 4393 7280 8196 5069 3320 -1 5912 5293 8505 7206 10209 6259 4448 8357 3210 7068 -1 8828 8895 7814 7007 5488 6562 5446 2754 7028 -1 9281 7812 7497 8719 7680 5974
5330 8066 6700 2385 3294 2647 4106 4415 5658 1038 2980 7569 5123 4053 4736 6743 2061 4134 5335 6073 4032 7148 -1 6755 7217 5067 7993 6619 4247 1496 8482 6131 3526 -1 6418 6058 4570 6847 4013 8367 6073 5675 4399 -1 8298 4975 6022 5129 2869 4499
5577 3230 4361 2956 6771 3863 4972 3112 4957 3201 4903 8375 5694 4852 5307 4601 2632 604 5205 6330 1440 3908 -1 7204 2381 8263 7123 8634 1730 3988 6051 5379 5689 -1 5548 6234 5369 7107 4652 3650 6644 6481 4279 -1 7142 7745 5190 7144 7436 5120
3348 3723 1562 3518 5294 5441 1976 3605 5968 1724 4306 5877 6256 5345 3608 1605 3194 3892 7237 6883 3759 2010 -1 4602 2874 7807 7883 7109 4933 2629 7090 5039 4212 -1 7551 8139 3844 5697 4178 4143 4945 4583 6527 -1 7635 7148 6187 5619 7179 4664
3663 8591 4909 594 3774 6662 3973 4895 3867 204 2903 8049 3332 6099 2945 4952 270 5176 2208 4282 4906 5357 -1 4207 7742 6237 6202 6614 3413 5678 8074 6611 2692 -1 4627 6828 6038 4110 5183 6576 4282 6155 5864 -1 6507 5745 7192 5124 5074 3094
-1 -1 -1 -1 -1 -1 -1 -1 -1 -1 -1 -1 -1 -1 -1 -1 -1 -1 -1 -1 -1 -1 -1 -1 -1 -1 -1 -1 -1 -1 -1 -1 -1 -1 -1 -1 -1 -1 -1 -1 -1 -1 -1 -1 -1 -1 -1 -1 -1 -1
6949 6302 5163 4306 4836 2850 2637 5957 6629 4740 6094 4808 7044 5595 4269 5206 3982 4553 6877 7994 3783 5611 -1 5541 5453 7061 7366 9377 5820 3417 7326 3370 7228 -1 7891 7456 6112 6636 6349 6722 5606 2914 7188 -1 10214 6373 9532 7887 4411 6220
1860 7828 6482 4480 6353 4957 6320 7474 7753 4703 2818 5140 7218 9387 6831 6402 4156 5202 6707 6718 6038 5410 -1 4281 6979 7080 6395 3149 5685 3591 5012 3702 6810 -1 7050 6732 8617 5376 6214 8248 8168 3246 8877 -1 8774 5660 9788 1659 8960 6700
4730 7342 5976 1661 6129 4168 6328 7224 4934 2559 1579 8586 4399 5845 4012 6019 1337 3410 7383 5349 5023 6086 -1 8276 6493 5705 7116 7257 4446 772 8229 6629 5047 -1 5541 5504 6362 5446 2076 7643 5349 6692 6931 -1 7574 4421 4085 5767 6141 2562
5642 10175 4936 3593 6968 5852 1340 8089 5332 3443 5401 7635 6331 3149 2972 4979 3269 3256 9009 7281 5902 5384 -1 7660 9326 8066 9201 6931 6652 4594 10464 7802 5931 -1 7626 9326 3666 8755 5898 6603 4309 7346 5891 -1 9506 8243 7907 5441 6543 4923
5775 2997 4325 4340 8023 5247 4739 2879 6341 4487 6173 7893 7078 4619 6371 4368 4016 1988 6589 7714 2824 4773 -1 7365 2148 9647 8507 7064 3114 3496 7435 6455 6975 -1 6932 7618 5136 8460 6036 3417 7708 5999 5663 -1 6909 9015 6574 5574 7598 6504
4878 9108 3869 5011 5946 4656 6145 7067 4265 2376 5448 8173 5587 4567 1905 3912 4687 5574 9544 8699 6066 4317 -1 4426 8259 7076 9413 3294 5585 4638 9397 6735 4864 -1 9044 8944 5084 5521 6022 5536 3242 6279 4824 -1 8762 7861 8031 4677 7329 6508
8023 7070 8398 5974 10879 451 8812 6952 9247 8191 8470 5756 8712 5530 8325 8441 5650 6061 10662 9662 6897 8846 -1 9491 6221 9219 11582 9312 7187 7569 11508 10528 10679 -1 10007 10013 6047 9955 5590 7490 9662 10072 9736 -1 10982 8930 10174 7822 10454 6076
6833 7344 5617 4814 7548 5119 8226 7226 5847 4457 7156 6335 7552 7055 7165 8676 4523 6070 6461 7586 2696 5164 -1 4454 6495 9325 8379 10031 7196 7187 7307 4897 6945 -1 6804 7490 7572 5549 8271 7764 8502 4441 9745 -1 9196 9499 9304 8541 9244 6376
4546 6577 6691 4924 6825 5321 6319 7448 3639 3255 3534 7711 5897 6998 6800 6345 4684 4948 8792 8414 7773 6673 -1 6967 8726 4283 6304 5835 125 4119 6650 2308 5743 -1 8957 6015 7515 6352 654 6450 4156 5932 4198 -1 9072 5327 5238 4345 7036 1140
4825 4178 3039 2831 3897 5824 513 4060 4505 2616 5644 2684 5569 5800 2145 3082 2507 2429 5316 6519 4005 3487 -1 6079 3329 6541 5242 8245 4295 4658 8012 1246 5104 -1 6864 6931 6161 6873 5655 4598 3482 790 5064 -1 8090 5848 7664 6755 5716 4096
4760 8608 6485 2927 4703 7842 4902 5326 6200 1133 4715 8978 5665 8432 5278 7285 2603 4676 9184 6292 5651 5634 -1 7409 7759 3244 8152 8947 4342 2038 10030 4156 3621 -1 6960 8640 6967 8504 7516 8909 6615 7084 8197 -1 8840 7557 9525 7457 7407 5427
4897 7509 6143 1828 6733 7613 6582 7391 5101 4650 3253 6119 4566 7333 4179 6186 1504 3577 8774 5516 5190 6591 -1 8980 6660 7471 7436 7848 6120 939 4848 7315 7138 -1 5861 7178 7850 7120 6417 7810 5516 6859 7098 -1 7741 6095 8426 6358 6308 4328
