50
7245 3502 -1 7196 5654 3339 6672 2368 9904 7709 9157 6806 3435 7353 5191 7616 4924 2415 4979 -1 5257 5721 -1 6314 5064 2636 5237 4943 3983 3360 5057 4530 2567 4385 3192 4700 8856 3473 242 706 2749 6688 4462 6565 5133 7129 6968 7667 7365 4286
5226 8001 3940 4360 4429 6213 3426 5656 4169 7914 7298 5574 7455 1485 5950 8355 5790 6044 2274 5542 5534 7020 5545 6112 4812 6824 3003 -1 3615 6673 8349 5173 6608 7449 8354 3986 6902 4972 6168 8406 4443 9030 8280 5668 6151 7299 -1 6908 4898 7578
3559 7287 -1 4161 4157 6377 2955 4359 2997 1880 5956 3514 6281 5061 3191 4577 2517 5218 2565 -1 3041 2577 -1 1557 4563 4997 2634 4009 4315 3497 5782 7030 6254 4229 1181 4681 5509 900 7391 3667 4474 9067 4133 876 2360 4381 6253 5226 2736 3207
2645 4884 3788 3184 3647 4383 4302 6537 2688 6456 5985 2724 4273 2888 3861 6153 5635 1179 5167 1185 4182 3571 2531 5301 3570 9303 6246 -1 6101 1922 5902 2320 2773 2239 3597 4915 4460 5455 3840 4437 2284 5901 4524 6258 4986 3560 -1 5191 5588 2827
0 1462 -1 8237 2837 3154 6174 5374 7373 9803 5939 5214 3250 8413 4753 453 2378 4551 4794 -1 5901 1935 -1 5184 4879 4772 4107 4758 4627 3175 5603 6666 4661 3571 3007 5246 5192 2659 2378 6077 3455 472 6201 4019 1199 3465 6134 3733 7914 6382
8153 0 -1 10829 6562 7368 5655 9538 10464 11097 8386 9778 7464 8677 4811 8606 8025 5803 8456 -1 6165 6629 -1 8574 9301 6024 7582 9180 4891 7597 6051 7918 5955 8014 7429 5694 10839 7102 3630 9197 7898 8599 6373 9255 6846 9112 10331 4181 7395 6440
-1 -1 -1 -1 -1 -1 -1 -1 -1 -1 -1 -1 -1 -1 -1 -1 -1 -1 -1 -1 -1 -1 -1 -1 -1 -1 -1 -1 -1 -1 -1 -1 -1 -1 -1 -1 -1 -1 -1 -1 -1 -1 -1 -1 -1 -1 -1 -1 -1 -1
7155 3900 -1 0 5564 6795 5139 7486 9565 4508 7870 7503 3833 7679 3192 6489 6163 5934 4669 -1 5167 5631 -1 2604 3531 6155 1527 8246 3893 6663 5592 7727 6086 5975 6648 5235 6555 5063 3761 5824 4341 5948 8518 3285 4984 5869 4764 5405 6879 4821
4102 3391 -1 8623 0 3975 4016 5407 7833 6966 6747 5826 4071 7675 4379 4555 1640 4164 4665 -1 5163 3864 -1 5627 5700 3630 4550 4748 3889 3996 6779 5524 1824 5021 3828 6422 5709 4109 1991 5496 4905 4523 8130 3281 3128 5394 6621 5662 5756 6008
7857 163 -1 9055 6136 0 5818 6757 9554 9549 8099 6368 96 8769 3261 8237 6132 5128 3812 -1 5869 4736 -1 5984 6911 5349 4907 4738 4595 4451 3891 4312 5280 5143 5655 4879 7825 5552 2955 5095 5924 6734 4781 6665 4953 7219 3629 4344 7558 4890
5636 134 -1 5174 5756 1713 0 4141 8907 8500 2731 6748 1809 7994 3773 6089 3174 5299 3561 -1 5359 3469 -1 2919 3646 5520 5641 3525 4085 1942 5604 2588 3358 2967 1774 5609 6726 2055 3126 4844 2851 6057 6191 3600 2733 4999 5079 4315 1740 5402
4877 1732 -1 4828 3286 4326 6481 0 7536 9336 6789 4721 4422 7699 4082 5248 3944 4299 5553 -1 2889 3353 -1 3946 4873 3121 2869 5930 1615 4347 2689 3498 4451 4867 4179 2332 6488 3955 2126 1693 381 5267 5449 4627 2765 4761 6106 5299 4997 1918
7628 4250 -1 8205 6095 4348 7681 3377 0 8231 8456 6098 4444 5389 2720 8081 5166 2937 432 -1 5782 4723 -1 6024 6073 3158 6246 5952 4508 4369 4882 5052 3089 1763 4201 4763 7980 4482 764 1715 3758 3354 5471 6705 3987 6253 3359 6521 7890 4349
7855 4112 -1 7806 6264 3949 7282 2978 5057 0 9767 7156 4045 9064 5165 8226 5534 6296 4107 -1 5867 6111 -1 5719 5674 6099 5847 5553 4593 3970 5667 6476 6448 4995 3802 5310 9466 4083 4123 1316 3359 7029 5072 6400 5743 7739 7578 8257 7755 4896
9382 6169 -1 11568 6053 8160 9928 8192 12080 13019 0 9562 8256 8291 7823 9835 6920 8380 7115 -1 7613 5689 -1 5050 10093 8601 8814 4042 6339 2459 5078 10495 7877 5968 8221 4721 9402 5056 6207 8327 5852 9803 8891 5731 5906 8172 7210 7851 3871 9452
7043 4116 -1 10891 6612 7117 8828 6998 6691 8748 8593 0 7213 8392 3237 5753 5032 3454 5741 -1 6239 4589 -1 6541 8277 3675 6273 6705 4965 7217 5637 5569 3606 4774 7220 5280 7846 5313 1281 7024 6109 5772 4873 4357 3853 6119 5596 5181 8347 4866
7761 67 -1 8959 6040 5706 5722 6661 9458 10326 8453 6272 0 8673 4878 8141 6104 5032 3716 -1 5773 5661 -1 7083 7431 5253 6584 4642 4499 4355 3795 4216 5184 5047 5559 4783 7729 5840 2859 4999 5828 6638 4685 7417 4925 7191 3533 4248 7462 6507
4405 4190 -1 3277 5248 4027 4273 3056 10579 7785 7004 6478 4123 0 2687 4858 5612 7355 5667 -1 4851 5315 -1 5881 2665 5353 4804 5631 3577 4048 3951 3248 7072 832 3880 4628 5968 4161 5182 4749 3437 4370 5150 6562 5163 7429 3739 7697 6013 4316
6117 2739 -1 8943 3375 5482 7266 5427 7892 6288 6500 5506 5578 8496 0 6570 3655 6821 6558 -1 5595 3212 -1 4731 5658 6978 3654 6763 4321 5711 2400 8373 5199 3203 5543 2043 6469 2291 4648 5649 3087 6538 6213 5296 2476 4742 6891 5010 5744 1629
10137 5166 -1 12134 6566 8267 8222 8252 7754 9811 9691 6167 5099 9455 4300 0 7766 4517 6804 -1 8673 6509 -1 6110 7037 4738 5033 7888 7399 6305 5591 6632 4669 7503 8734 5234 10061 6591 2344 8087 7387 19 7379 6791 6587 8853 8270 3721 8935 5929
2462 2498 -1 6983 3920 2335 5668 4555 8133 9584 6698 5974 2431 6035 4187 2915 0 4290 3025 -1 3523 3987 -1 4687 4060 3665 3610 3108 2249 2356 6226 5559 4442 3381 2188 6006 5952 2469 2117 4308 3265 2883 6649 1641 3661 4225 5964 4493 5631 5816
8612 4676 -1 8215 6552 6569 7384 3735 8395 5294 9120 5624 6078 4938 4282 8192 7362 0 2653 -1 6624 5966 -1 4849 5776 221 3772 7231 5350 5648 4307 2115 152 3984 6422 6067 8119 5586 2985 3936 4116 5575 7692 5530 6183 6392 7009 7650 8732 5653
7196 3818 -1 7773 5663 3916 7249 2945 5742 7799 8024 7570 4012 4957 2288 7649 4734 2505 0 -1 5350 4291 -1 5592 5641 2726 5814 5520 4076 3937 4450 4620 2657 1331 3769 4331 7548 4050 332 1283 3326 2922 5039 6273 3555 5821 7545 6089 7458 3917
-1 -1 -1 -1 -1 -1 -1 -1 -1 -1 -1 -1 -1 -1 -1 -1 -1 -1 -1 -1 -1 -1 -1 -1 -1 -1 -1 -1 -1 -1 -1 -1 -1 -1 -1 -1 -1 -1 -1 -1 -1 -1 -1 -1 -1 -1 -1 -1 -1 -1
4322 944 -1 7719 397 3945 4413 4694 6855 7363 4468 4696 4041 7895 4649 4775 1860 4561 4763 -1 0 464 -1 3287 5593 4027 3589 4968 4109 4216 5085 5921 2221 3053 4048 4728 4674 2141 2388 3032 2937 4743 5683 3501 681 2947 5447 3215 2108 6278
3858 480 -1 7255 5316 3481 4239 4813 6391 9681 4004 4232 3577 7431 4444 4311 1396 4387 4299 -1 4919 0 -1 4202 5129 4608 3125 4504 3645 3752 4621 6114 4539 2589 3584 4264 4210 1677 2214 5582 2473 4279 5219 3037 217 2483 6362 2751 5979 6073
-1 -1 -1 -1 -1 -1 -1 -1 -1 -1 -1 -1 -1 -1 -1 -1 -1 -1 -1 -1 -1 -1 -1 -1 -1 -1 -1 -1 -1 -1 -1 -1 -1 -1 -1 -1 -1 -1 -1 -1 -1 -1 -1 -1 -1 -1 -1 -1 -1 -1
4551 3507 -1 8181 2960 4263 6976 5010 7173 8624 5738 4899 4359 5075 4353 5004 4423 3330 2065 -1 2563 3027 -1 0 5911 3551 3907 6290 1289 4707 4671 5445 3482 3371 4781 4314 4992 2459 1157 3348 3255 4987 6001 681 3244 3265 2160 2801 4671 5982
7244 1742 -1 6782 3295 3321 1608 5749 10515 10108 4339 8356 3417 8416 5381 2958 4782 6907 5169 -1 6967 5077 -1 4527 0 6898 7249 4715 5693 3132 2320 4196 4966 4575 3382 1963 8334 3663 4734 5569 4459 2977 6133 5208 4341 6607 6687 5223 3348 7010
8930 4455 -1 7994 6331 6348 8990 5377 8174 10091 8899 9001 6444 4717 4061 7971 7166 4937 2432 -1 6942 6723 -1 8024 7382 0 7440 7010 5668 5427 4086 1894 5089 3763 6201 6104 9980 6352 2764 3715 5758 5354 7471 8705 5987 8253 8456 8521 9050 5690
5628 2373 -1 8521 4037 5268 3612 6087 8250 7953 6343 5976 2306 6152 1665 4962 5320 4407 3142 -1 3640 4104 -1 1077 2004 4628 0 6719 2366 5136 4065 6200 4559 4448 5121 3708 5028 3536 2234 4425 2814 4421 6991 1758 4141 4342 3237 3878 5352 3294
7435 4222 -1 10997 6810 7216 7981 6245 10133 10152 7746 7974 7245 10552 5876 7888 4973 8129 5780 -1 6413 3742 -1 6565 8871 8350 6867 0 5139 512 5899 8795 8281 4021 7069 5542 7455 3109 5956 7063 3905 7856 8339 6614 3959 6225 8725 6493 5386 7505
3262 2218 -1 8993 1671 5219 5687 5968 8129 8637 5742 5970 5315 6084 5923 3715 3134 5835 6037 -1 1274 1738 -1 4561 6867 5301 4863 5001 0 3418 6359 7195 3495 4327 5322 6002 5948 3415 3662 4306 4211 3734 6957 4775 1955 4221 6721 4489 3382 7552
6923 3710 -1 10485 6298 6704 7469 5733 9621 11652 7234 7462 6800 10040 5364 7376 4461 7617 7363 -1 5901 3230 -1 6053 8359 7838 6355 1583 4627 0 6628 9231 7769 3509 6557 7125 6943 2597 5444 7426 3393 7344 7827 6102 3447 5713 8213 5981 4874 6993
6347 3685 -1 9693 2245 6220 6261 7395 9596 9211 8162 6934 6316 9295 5738 5322 3885 6409 4450 -1 6507 4158 -1 6919 7846 4578 5842 5376 5233 5888 0 6472 4069 5781 6073 6374 7415 4882 4236 5733 5678 5341 5419 5526 3422 5688 5525 5956 8001 7367
10456 6461 -1 10303 9583 6842 9158 8116 10913 12970 7860 7398 6938 8230 7211 10092 7994 7676 5171 -1 9186 6763 -1 6623 7550 7897 5546 5116 7912 3533 9611 0 7828 6502 6903 9254 8325 6130 5503 6454 6926 8093 10210 7304 6980 9246 8783 9424 8407 8840
8460 4535 -1 8411 6869 7572 7232 3583 10148 5142 9818 5472 5926 9183 5285 8166 7210 7675 6762 -1 6472 5814 -1 4697 5624 6704 3620 9513 5198 7930 6272 7081 0 6346 7762 5915 7967 5434 5502 5276 3964 8041 8976 5378 6031 6240 6857 7498 8580 5501
6007 3358 -1 7052 4416 3195 6528 2224 9747 8143 6693 6945 3291 6531 1855 6460 4780 6523 4835 -1 4019 4483 -1 6170 4920 5345 5093 4799 2745 3216 3119 5722 6240 0 3048 3898 7910 3329 4350 3917 2605 6479 4318 6421 4331 6597 6824 6865 6127 3484
5573 310 -1 7195 3982 147 3480 2367 7529 8287 6211 6515 243 6744 1999 4830 4629 4292 1787 -1 3585 3398 -1 6131 1872 4513 5054 1751 2311 168 4038 4459 4444 1193 0 3835 7111 281 2119 3070 1077 4709 4461 6270 3615 5457 3776 4491 5042 3628
5434 3602 -1 6900 1332 3439 5348 5268 9165 8298 4457 7158 3535 6453 4948 5679 2972 5496 4807 -1 6495 4515 -1 4880 5372 4935 5882 5251 5221 3668 357 6829 3156 4693 3500 0 7041 3781 3323 3606 4577 5487 4170 4613 3779 6045 5882 3260 3701 6577
7138 1881 -1 7841 6790 4380 2667 3504 9671 10264 5398 7512 4476 9370 4592 5397 4676 4970 6115 -1 6393 4233 -1 4403 6200 4653 5917 6079 5119 4496 6193 5255 5122 5521 4328 5836 0 4609 5511 1842 3885 5416 3461 5084 3497 5763 6563 6031 4407 5422
5292 4248 -1 7964 3701 4107 7440 3136 9084 9055 7605 6925 4203 7443 2767 5745 5164 7255 5747 -1 3304 3768 -1 6591 5832 6092 5818 5711 2030 4128 4031 6634 5525 912 3960 4810 6903 0 5082 4829 796 5764 5230 6805 3985 5176 7736 6519 5412 4396
7793 6849 -1 10388 8380 8715 9557 5908 10568 7467 9733 7669 8251 7111 6182 8246 9535 2173 4826 -1 7983 8139 -1 7022 7949 2394 5945 9404 6709 7821 6480 4288 2325 6157 8595 8225 10292 7759 0 6109 5475 7748 9865 7703 8356 8565 9182 9823 10091 7811
6539 2796 -1 6490 4948 2633 5966 1662 9198 10489 8451 6383 2729 9230 4485 6910 4218 5961 4273 -1 4551 5015 -1 5608 4358 4783 4531 4237 3277 2654 4351 5160 6113 3679 2486 3994 8150 2767 3788 0 2043 5982 3756 5859 4427 6423 6262 6961 6659 3580
4496 3452 -1 10227 2905 6453 6921 6710 8288 9871 6976 6129 6549 7318 4919 4949 4368 6459 6196 -1 2508 2972 -1 5795 7026 5296 5022 6235 1234 4652 5267 7190 4729 4486 6556 4910 6107 3574 4286 5540 0 4968 7116 6009 3189 4380 7955 5723 4616 4496
10348 5147 -1 13377 10140 8248 8203 11142 12839 12701 10494 6148 5080 12345 7167 10801 7886 7407 8527 -1 10853 6490 -1 10692 11619 7628 9615 9722 9579 9435 7895 9296 7559 9079 9977 9210 10700 8167 6178 9810 8963 0 9765 9527 6707 8973 8613 9241 9943 8796
8525 3262 -1 6352 4662 3099 6432 5319 9839 10860 9163 8077 3195 6382 4951 3456 6302 6602 4097 -1 6537 6350 -1 7041 4824 1665 5964 4703 5263 3120 5751 3559 6486 4145 2952 6787 8055 3233 4429 5380 4029 2226 0 7722 6567 6328 6359 6596 7994 6580
3870 2826 -1 7500 2279 3582 6295 4329 6492 7943 5057 4333 3678 4394 3672 4323 3742 2649 1384 -1 1882 2346 -1 4303 5230 2870 3226 5609 608 4026 4722 4764 2801 2690 4100 4365 4311 1778 476 2667 2574 4306 5320 0 2563 2584 6463 2852 3990 5301
3641 263 -1 7038 5099 3264 4975 4596 6174 9639 4740 4015 3360 7214 4227 4094 1179 4345 4082 -1 4702 736 -1 3985 4912 4566 2908 4287 3428 3535 4404 5897 4497 2372 3367 4047 3993 1460 2172 5365 2256 4062 5002 2820 0 2266 6145 2534 6715 5856
4353 3608 -1 8874 5811 4226 4394 4761 7558 9615 7125 7746 4322 6773 4104 4806 1891 4321 1816 -1 5414 5408 -1 6130 3933 4401 5501 3761 4140 4247 4850 4516 4473 3147 4079 5599 1727 4360 2148 3099 5142 4738 2736 3532 5224 0 5007 4086 6134 5733
9453 5040 -1 10080 8289 6619 4906 8789 9430 10348 7637 2739 6558 9992 5917 8291 7570 5054 7394 -1 7892 7127 -1 5329 6256 5275 4252 8431 6618 6848 8317 7169 5206 7513 6680 7960 9280 6961 2881 8677 7066 7748 7612 6010 6391 8594 0 7920 6646 7546
6507 3129 -1 8413 2845 4952 6861 6781 9040 9275 5970 5597 5048 7966 3379 4766 4045 3981 6320 -1 6514 3602 -1 4559 6885 4022 5286 6764 5848 5181 1870 5916 4133 5238 5013 1513 6859 4326 1808 5119 5122 4785 3658 5240 2866 5132 6150 0 5214 5008
5730 4686 -1 9360 4139 5442 8155 6189 8352 9338 6917 5691 5538 6254 5532 6183 5602 4509 3244 -1 3742 4206 -1 1179 7090 4730 5086 7469 2468 5886 5850 6624 4661 4550 5960 5493 6171 3638 2336 4527 4434 6166 7180 1860 4423 4444 3339 3980 0 7161
4488 1110 -1 7314 1746 3853 5637 5443 7021 8712 4871 3877 3949 6867 3690 4941 2026 5192 4929 -1 5549 1583 -1 3102 4029 5349 2025 5134 4275 4082 771 6744 3570 3219 3914 414 4840 2307 3019 4020 3103 4909 4584 3667 847 3113 5262 3381 4115 0
4834 8645 5956 4175 5312 4559 6399 6055 3984 7842 3554 6218 7270 4491 3133 6134 5126 2380 5203 3011 5349 6278 5944 2178 4627 7061 3709 -1 3430 4096 6301 1239 5838 4903 7581 6080 4066 4787 5699 4901 2746 6047 4616 8230 6697 7270 -1 3938 7049 3914
8454 8909 9076 8135 5760 4823 9805 6987 8406 10665 9919 6482 10680 8913 6858 11781 9178 8027 5651 6102 8884 6726 6876 7825 8984 7818 7229 -1 7644 6688 10043 6886 5837 10550 13228 7374 7677 9001 8857 9730 8737 9789 10263 11518 7145 10273 -1 3419 7612 9561
-1 -1 -1 -1 -1 -1 -1 -1 -1 -1 -1 -1 -1 -1 -1 -1 -1 -1 -1 -1 -1 -1 -1 -1 -1 -1 -1 -1 -1 -1 -1 -1 -1 -1 -1 -1 -1 -1 -1 -1 -1 -1 -1 -1 -1 -1 -1 -1 -1 -1
6835 7911 5831 7641 6625 3825 7762 4924 7472 10051 8598 5484 7853 6603 5860 9193 9269 4784 6875 5203 5932 7950 4813 5963 6921 7359 4595 -1 4013 5907 8705 3643 5321 5590 8053 7505 7300 5370 7777 7305 4950 8451 7020 9899 6686 5619 -1 7319 8477 6318
5433 7907 5827 4210 7241 3821 6465 5317 3974 7137 7605 5480 8049 5312 296 7768 3705 4309 6101 3471 6170 8207 5206 4107 5448 8546 5159 -1 4251 4482 8230 3168 4198 4165 8024 3243 6038 5608 6375 6830 2372 7976 6545 8265 6121 7946 -1 1780 7937 4357
4896 8613 4974 3904 5923 4986 7815 7150 5260 7083 7759 6186 4116 5874 6432 9113 8503 6134 5433 5192 2195 5165 7039 5932 2882 5658 6178 -1 276 4914 6162 4993 5550 8657 6918 6699 3563 1633 5838 8655 4093 9642 7540 7959 6330 7409 -1 3582 7775 7668
6368 8103 4723 2942 4173 4140 5199 5400 2751 5177 5869 5025 5829 3258 1830 6937 5239 3914 4003 4545 3908 6860 5289 3712 3394 7371 1574 -1 1989 1033 6931 2773 182 5699 8368 4777 5276 3346 7310 6435 3842 7581 6150 6997 7060 7401 -1 3314 5506 5448
2858 5633 1572 5347 2061 3845 1058 3288 5156 7303 4930 3206 7443 2472 3582 7700 6991 3676 3261 3174 5522 5503 3177 3744 4064 4456 635 -1 4602 5091 6916 2805 4240 6469 8877 5870 6507 5959 3800 6467 2075 6662 5912 6655 3783 4931 -1 4540 2530 5210
6235 6796 1594 4605 5438 4440 4435 6665 5178 7440 6436 6099 5575 2494 6391 5733 6312 5168 3283 1812 3654 5525 6554 4966 3239 6649 4012 -1 4624 6373 8079 4027 5907 7691 6648 4508 5022 5981 7177 6442 713 7825 7404 6677 6214 8308 -1 6029 5907 6702
5836 8611 4550 3488 5039 6823 4036 6266 4779 9623 4090 5964 5273 2095 6560 8768 9671 6654 2884 695 6144 8481 6155 4812 5422 6987 3613 -1 4225 7283 8959 5783 7218 8059 10867 6918 7512 5582 6235 9445 4072 9640 8890 6278 6761 7806 -1 6975 5508 8188
9541 10357 8206 9203 7213 6271 9250 8440 3268 9692 8946 5542 9832 7309 6349 9378 7441 7087 6703 7718 7911 10396 8329 6885 7444 6845 6106 -1 8436 7480 7448 5946 6629 9445 10499 8850 8843 9793 10483 9344 7396 10754 8826 13204 6172 9300 -1 7692 9065 8621
6262 8983 6903 5122 6760 4897 6803 3793 7366 8518 8854 6556 6083 6115 6908 8744 6829 5034 6651 2329 4162 7726 3682 4832 5790 7404 6363 -1 2243 6750 8129 3893 6865 7557 8885 5025 5530 7670 7204 7555 1230 8701 7270 9177 6731 8775 -1 6592 8612 6568
8521 8517 4878 3808 5827 4890 7719 7054 5164 8409 7663 6090 4020 5778 6336 9017 8407 6106 5337 5096 2099 5069 6943 5904 6523 5562 6082 -1 180 4818 6066 4965 5904 8629 6822 6603 3467 1537 7200 8614 3997 9546 7444 7863 6234 8771 -1 3486 7679 7592
5914 7595 4628 5048 5117 3509 4114 6344 4857 6509 7437 5168 8143 2173 5544 4802 8225 6344 2962 6230 6222 8559 6233 6142 2308 5718 3691 -1 4303 5306 4014 5203 4455 8137 7028 7955 7590 5660 6856 1053 5131 3760 5392 9103 6079 7987 -1 6409 4762 7798
3643 8339 5528 6711 4535 5836 6485 5762 5989 7014 6268 5912 7154 4544 3671 7173 7080 3657 4025 4288 5233 7555 5651 3455 4679 4167 3341 -1 5758 4802 7499 2516 3951 6180 8858 6085 6536 7115 4585 6178 5747 7245 5893 6707 3494 6156 -1 5155 6387 5191
7943 11391 7966 6185 5300 7331 8519 6527 7114 8775 3101 8990 7970 8844 6862 11465 7892 7768 5191 3392 7021 6266 6416 7509 8420 7358 7641 -1 5102 7993 10988 6627 7142 8171 8507 6088 8389 5656 5246 10289 2293 11435 10004 10240 6685 6817 -1 5986 7152 4840
6146 6267 4187 3181 6072 2181 5613 3677 2334 5497 5965 3840 6451 3672 4216 6128 7588 3140 4461 3771 4530 7038 3566 4640 3808 7055 3519 -1 2611 2842 7061 1999 4149 2525 8341 5861 5898 3968 7088 5661 3306 6807 5376 7236 7457 7702 -1 5700 7085 4674
3761 6874 3815 6487 5005 5481 4002 6232 6457 8104 8175 6941 7796 4715 6848 7954 8533 5307 5504 4033 5875 7746 6121 7162 3903 6074 4370 -1 6258 7422 8157 5888 6571 7835 10298 1571 7243 4216 4703 5991 2934 7903 7543 8898 7518 6274 -1 5443 5415 6841
5803 6364 1162 4173 5006 4008 4003 6233 4746 7008 6004 5667 5143 2062 5959 5301 5880 4736 2851 1380 3222 5093 6122 4534 2807 6217 3580 -1 4192 5941 7647 3595 5475 7259 9937 4076 4590 5549 6745 6010 281 7393 6972 6245 5782 7876 -1 6294 5475 6270
-1 -1 -1 -1 -1 -1 -1 -1 -1 -1 -1 -1 -1 -1 -1 -1 -1 -1 -1 -1 -1 -1 -1 -1 -1 -1 -1 -1 -1 -1 -1 -1 -1 -1 -1 -1 -1 -1 -1 -1 -1 -1 -1 -1 -1 -1 -1 -1 -1 -1
4316 2744 2911 4607 4794 4041 5752 5537 4194 7324 7486 317 7071 3811 693 5616 4102 1862 4600 2493 6076 3815 5426 1660 4529 6543 3191 -1 4157 3578 4027 721 4595 4385 7063 3640 3618 5578 5258 4383 2769 3773 4098 7994 6179 6829 -1 2177 4775 3396
3852 7663 5461 4577 4330 3577 5417 5073 3730 6860 7022 5236 6607 3930 5612 5152 4235 1398 4221 2029 5676 5296 4962 1196 4065 6079 2727 -1 3757 3114 5319 257 4421 3921 6599 5471 4277 5114 4794 3919 4580 5065 3634 8632 5715 6365 -1 2003 5819 2932
-1 -1 -1 -1 -1 -1 -1 -1 -1 -1 -1 -1 -1 -1 -1 -1 -1 -1 -1 -1 -1 -1 -1 -1 -1 -1 -1 -1 -1 -1 -1 -1 -1 -1 -1 -1 -1 -1 -1 -1 -1 -1 -1 -1 -1 -1 -1 -1 -1 -1
6697 5307 3227 5604 4380 1221 6068 5607 5516 7642 7804 2880 7208 4127 3256 7341 6665 2180 4271 2811 5287 5346 5496 4041 4847 6438 3509 -1 4342 4040 6101 1039 3189 6948 5449 4901 6181 5896 7477 4701 2346 5847 4416 8310 5765 7805 -1 4740 6232 3714
7976 9711 5448 4550 4455 5748 6807 5682 3941 6785 6059 6215 7074 4866 3438 8545 6847 5522 3945 6153 5153 7768 5571 5320 5002 4087 3182 -1 3597 2641 8121 4381 1790 7092 8473 6385 6521 4954 8204 8043 5251 9189 7758 8605 3414 6542 -1 4922 6307 7056
7429 8796 3594 6605 4784 6440 3781 6011 6236 7883 7954 7259 7575 4494 6627 7733 8312 7168 5283 3812 5654 7525 5900 6966 3682 5853 6012 -1 6624 7201 8265 6027 6350 9691 11745 6508 7022 7981 8080 5770 2713 8477 9404 8677 7555 9651 -1 7874 5194 8702
5308 6384 4304 6114 5098 2298 6235 5215 5945 8524 7363 3957 6326 5204 4333 7666 7742 3257 5348 3888 4405 6423 5104 5118 5924 5832 3068 -1 2486 4380 7178 2116 3794 4063 6526 5978 5773 3843 6250 5778 3423 6924 5493 8372 5159 4092 -1 5792 6950 4791
7594 9157 6942 5161 6758 6698 7303 7192 1321 9698 8454 3595 10349 5362 7106 7991 7977 5140 6151 5771 8732 9038 7874 4938 5497 7666 4159 -1 7425 6856 5501 3999 7450 7498 10341 6903 5190 8782 8536 7661 6061 8807 6879 9162 5800 8455 -1 5745 8610 6674
5590 4018 4185 5881 6068 2230 7026 6811 4227 8598 6816 1591 8345 5085 1967 6890 5376 3136 5874 3767 7350 5089 6700 2934 5803 7817 4465 -1 5431 4852 5301 1995 5869 5659 8337 4914 4892 6852 6532 5657 4043 5047 5372 9268 7453 8103 -1 3451 6049 4670
7082 8645 7305 6744 6246 6186 6791 6680 809 9186 7942 3083 9837 4850 6594 7479 7465 4628 5639 5259 8842 8526 7362 4426 4985 8395 3647 -1 6923 6344 4989 3487 7651 6986 9829 6391 6384 8337 8024 7149 7644 8295 6367 10745 7383 7943 -1 5233 8098 6162
5831 9251 5612 6455 2135 6066 6372 3362 6219 4614 3868 6824 4754 6512 2541 8357 5950 4603 6071 5234 2833 8501 3251 4401 5359 1767 5932 -1 6496 5552 8310 3462 6443 6410 8814 5488 4201 6421 6013 7124 4617 8056 6839 10510 7825 7584 -1 4025 3987 6137
5535 10874 6333 8071 9779 7844 9174 8537 4342 10006 11175 6616 10314 7233 6959 10472 10368 8161 8022 6551 8393 10264 8426 7959 7978 11378 7180 -1 7118 6162 6371 7020 5311 9609 12072 9247 9761 8475 6477 8919 5452 11828 7749 11416 10705 8048 -1 7217 10646 9695
3609 6722 5155 8579 5644 5329 4641 6611 8739 8080 8513 6789 9946 6055 7165 10316 9838 5155 6844 5786 8025 9086 6500 7010 7647 8039 4218 -1 6106 8000 8005 5736 7414 7683 10146 1419 9393 7463 4551 8561 5658 7751 7391 10238 7366 6122 -1 5291 6113 6689
5082 6763 3796 4216 4285 2677 3282 5512 4025 5677 6605 4336 7311 1341 4712 3970 8121 5512 2130 5398 5390 7727 5401 5310 1476 4886 2859 -1 3471 4995 7897 4371 4144 7305 10113 7123 6758 4828 6024 7584 4299 7643 7748 8271 5349 7155 -1 6196 4754 7046
5043 6329 2949 1168 3930 3870 3425 5157 977 5821 5626 3251 4263 1484 4278 5163 7633 4372 2273 3167 2342 5312 5046 4594 1620 5805 1331 -1 423 4513 5157 3655 3662 7154 7065 4075 3710 1780 5985 7317 2068 7358 6535 5223 5286 5627 -1 3729 4897 5906
6188 9239 3485 4668 2492 5153 6326 3719 4477 4971 4225 6751 5111 4385 1628 8663 5037 4960 1982 4803 3190 5805 3608 4758 5120 2124 4831 -1 3715 2759 8657 3819 1908 5129 9171 4575 4558 5072 6370 7481 3704 8413 7196 8506 1451 4579 -1 3112 4344 5689
5906 9137 1721 5496 2210 5624 1207 3437 5305 7248 8434 6710 8496 2621 4497 8432 7906 4678 3410 5309 6575 5652 3326 4476 4213 6062 4139 -1 4656 3700 8599 3537 2849 7201 9852 6541 7557 6013 6848 5192 5579 8345 4022 6804 7287 8419 -1 5300 4062 6212
5994 6048 4708 5128 3649 3589 4194 4876 4937 6589 5345 3621 8223 2253 3997 4882 7406 4091 3042 4722 6302 7119 4765 4964 2388 5798 1050 -1 4383 5907 7331 4025 5056 7689 9292 3794 6922 5740 6936 7497 5211 7077 6327 9183 6261 5346 -1 5481 5501 5625
5934 9047 5988 4505 7178 7654 6175 8405 8630 7672 10024 8300 9969 6888 8676 10127 5548 7480 7677 6206 8048 9919 8294 8817 6076 8247 5729 -1 8431 8035 10330 8061 7184 10008 12471 3744 7764 6389 6876 8164 5107 10076 9716 8560 7964 8447 -1 7616 7588 9014
4520 7295 3234 3654 3723 5507 2720 4950 3463 8307 6592 4868 6749 779 5244 7649 8653 5338 1568 4836 4828 7165 4839 5406 4106 6118 2297 -1 2909 5967 7643 4467 5902 6743 9551 5602 6196 4266 5462 8129 3737 8324 7574 4962 5445 6593 -1 6202 4192 6872
6510 5252 5419 6719 2853 3464 7090 4080 5461 8757 4549 2825 8504 5827 3201 8124 6610 3295 6616 3926 8100 6323 3969 4168 5962 7034 254 -1 6665 6086 6535 3229 6818 6893 8496 6148 6126 7104 6694 6701 5277 6281 5531 10502 6361 4550 -1 4685 4705 4829
10342 13597 9689 7908 10030 9970 11409 9941 10220 8756 3082 11170 9100 10420 10033 11642 10725 7888 7729 8477 7179 10149 9830 7686 10555 9662 9217 -1 5260 9236 11146 6747 8385 10411 11902 8978 8547 5637 5227 10409 7378 11555 10124 11963 10661 6798 -1 5967 11882 9422
7995 9281 5259 4120 6449 6822 5446 7676 3929 5448 5308 6203 7215 4436 4958 8115 8367 5243 5225 5477 5294 8264 7565 7546 4572 2601 4283 -1 3375 2211 8109 4102 6614 8827 9648 6997 6662 4732 7453 7435 4378 8890 7479 8175 8238 8579 -1 6442 6859 6777
6016 4626 2546 4923 4431 540 5387 5658 4835 6961 7123 2199 6527 3446 2575 6660 5984 1499 4235 2130 4606 5397 5547 3360 4166 6489 2828 -1 3858 3359 5420 358 2508 6267 6700 4220 5500 5215 6958 4020 1665 5166 3735 7629 5816 7124 -1 4059 6168 3033
3635 7446 5244 4360 4113 3360 5200 4856 3513 6643 6805 5019 6390 3713 5395 4935 4971 1181 4004 1812 5459 5079 4745 979 3848 5862 2510 -1 3540 2897 5102 40 4639 3704 6382 5254 4060 4897 4577 3702 4363 4848 3417 8415 5498 6148 -1 2739 5850 2715
7619 8158 2978 5072 3937 4072 2934 5164 2987 4377 7820 5261 6959 3878 6107 7117 7696 5031 4667 3196 5038 6631 5053 6203 4623 5337 5396 -1 4502 4733 8073 3890 4576 4416 8296 5892 6406 5859 8423 2321 2097 7819 1151 7231 7050 9593 -1 7027 5789 6165
8800 10636 8556 7386 5104 6550 9056 6331 7657 10083 10775 8209 8822 8164 6736 10993 7208 7509 8909 5068 6901 10465 6220 7370 8300 10084 6480 -1 4982 5939 10868 6368 5088 7390 3289 6625 6928 8095 9742 10030 3969 11176 9745 8704 9411 8344 -1 2670 6956 4059
5275 9258 4998 6181 1579 5780 5816 2806 5990 6484 5738 6686 6624 5898 3141 7801 6550 4047 1470 4678 4703 2545 2695 3845 4803 3637 5376 -1 5228 4272 7968 2906 3421 6570 9248 5552 6071 6585 4676 6568 5217 7714 6283 7994 2964 6092 -1 4625 3431 5581
7876 6486 4406 6783 5559 2400 7247 6786 6695 8821 8983 4059 8387 5306 4435 8520 3570 3359 5450 3990 6466 6525 6675 5220 6026 7617 4688 -1 5521 5219 7280 2218 4368 8127 6628 6080 7360 7075 8656 5880 3525 7026 5595 9489 5986 8984 -1 5919 7411 4893
2014 8293 3899 5082 2906 4207 6047 4133 4360 5385 4639 5866 5525 4560 2042 5782 5451 2028 2396 2659 3604 5926 4022 1826 4695 2538 3357 -1 4129 3173 5870 887 2322 4551 7229 4989 4907 5486 2956 4549 4118 5616 4264 8920 1865 4527 -1 3526 4758 3562
0 6395 4315 6125 5109 2309 6012 3002 5935 4471 7374 3968 6337 5215 4344 7357 6440 3268 3444 3899 4416 6434 2891 3401 4999 5843 3079 -1 2497 4391 7189 2127 3805 4074 6537 5546 5784 3854 942 5518 3093 6935 5504 8383 5170 2513 -1 1682 6961 4802
7020 0 2832 4871 5447 4615 4444 5996 4400 5887 7481 4206 7758 3279 3759 5908 7168 5751 4068 6382 5837 6763 5885 5549 3414 6568 4797 -1 3918 2962 1283 4610 2111 7628 9806 6650 7205 5275 7962 3831 5335 1029 2661 7915 6086 8384 -1 5243 2031 7285
4641 7416 0 3775 3844 5628 2841 5071 3584 8428 6713 4989 6870 900 5365 7770 8774 5459 1689 4957 4949 3931 4960 5527 4227 6239 2418 -1 3030 6088 7764 4588 6023 6864 9672 5723 6317 4387 5583 8250 3858 8445 7695 5083 5566 6714 -1 6323 4313 6993
5320 6983 1781 0 5625 4627 4622 6852 5365 7627 6623 6286 5762 2681 5348 5920 6499 5334 3470 1999 3841 5712 6741 4312 3426 5844 4199 -1 4811 6479 8266 4193 5628 7857 10535 4695 5209 6168 6262 6629 900 8012 7570 4055 5171 7833 -1 6832 6094 6868
3696 8733 4751 5647 0 4647 4237 1227 4800 7425 6288 5107 7677 5000 6682 6222 6258 2468 4544 3099 6746 6366 1116 2266 3224 6389 3797 -1 4827 4184 6389 1327 5892 4991 7669 6541 5347 6184 4638 4989 5156 6135 4704 9702 5907 6209 -1 4026 1852 4002
5658 4086 4253 5949 6136 0 7094 6879 4295 8666 6884 1659 8413 5153 2035 6958 5444 3204 5942 3835 7164 5157 6768 3002 5871 7885 4533 -1 5245 4920 5220 2063 5937 5727 8405 4982 4960 6602 6600 4907 4111 4966 5440 9336 7521 6851 -1 3519 5968 4738
4699 7930 514 4289 1003 5497 0 2230 4098 7207 7227 5503 7384 1414 5879 7225 7261 3471 2203 4102 5463 4445 2119 3269 3006 6753 2932 -1 3544 5187 7392 2330 5674 5994 8672 5334 6350 4901 5641 5992 4372 7138 5707 5597 6080 7212 -1 4093 2855 5005
9100 13351 8053 8145 7260 9291 7539 0 7592 8982 5061 9866 9930 8953 8822 10400 9852 9728 7151 5352 8981 8226 8376 6444 10380 9318 9601 -1 7062 9953 12678 8587 9102 10131 10467 8048 10349 7616 7206 6926 4253 12424 5756 12200 8645 8777 -1 7946 9112 6800
6273 7836 6496 5935 5437 5377 5982 6664 0 8377 7133 2274 9028 4041 5785 6670 6656 3819 4830 4450 8033 7717 6553 3617 4176 7586 2838 -1 6114 5535 5323 2678 6842 6177 9020 5582 5575 7528 7215 6340 6835 7486 6055 9936 6574 7134 -1 4424 7289 5353
5328 6159 6326 8022 6220 7258 6857 7447 6813 0 7953 3732 8839 7226 4108 9031 7517 5277 5710 5908 6918 7230 7336 5075 7944 3218 6606 -1 7443 6487 3696 4136 5636 7800 10265 7055 7033 8800 6270 6244 6184 3442 5074 11409 5179 7841 -1 5592 4444 6811
7260 11071 6607 4826 6948 6985 8327 6859 7138 5674 0 8644 9149 7338 6951 8560 7643 4806 4647 5395 7228 8704 6748 4604 7473 6580 6135 -1 5309 6154 8694 3665 5303 7329 10007 5896 7143 2555 2145 7327 4296 8473 7042 8881 7579 3716 -1 2885 8800 6340
3999 7810 5608 4724 4477 3724 5564 5220 3877 7007 7169 0 6754 4077 5759 5299 4382 1545 4368 2176 5759 5443 5109 1343 4212 6226 2874 -1 3840 3261 5466 404 4568 4068 6746 5618 3301 5261 4941 4066 4727 5212 3781 8779 5862 6512 -1 2150 5966 3079
6069 4497 4664 3938 4112 2709 7505 5339 1943 6591 5845 2070 0 5564 2446 7369 5855 3615 3602 4246 4322 5529 5228 3413 6119 3744 4781 -1 5335 4379 5780 2474 3528 6138 8816 5393 5371 1667 7011 6136 4522 5526 5851 7993 3071 6199 -1 3930 5964 5149
3741 6516 2455 2875 2944 4728 1941 4171 2684 7528 5813 4089 5970 0 4465 6870 7874 4559 789 4057 4049 6386 4060 4627 3327 5339 1518 -1 2130 5188 6864 3688 5123 5964 8772 5782 5417 3487 4683 7350 2958 7545 6795 6930 4666 5814 -1 5423 3413 6093
5137 7611 5531 3914 6945 3525 6169 5021 3678 6841 7309 5184 7795 5016 0 7472 3409 4013 5805 4644 5874 7911 4910 3811 5152 8399 4863 -1 3955 4186 7934 2872 3902 3869 9214 2947 5742 5312 6079 6534 4650 7680 6249 7969 5825 7650 -1 1484 7641 5547
7428 9933 8550 6769 7906 7153 8545 8550 5310 3774 2635 7506 9864 7085 5727 0 7720 4974 7282 5605 7943 8872 8439 4772 7221 927 6303 -1 6024 6690 7470 3833 7800 7497 7974 5323 6660 5190 4780 7495 5340 7216 7210 10824 8953 6351 -1 5520 8218 6508
7079 10890 4450 6420 7557 6804 7291 5914 6229 10087 5799 8463 8204 5350 5378 8379 0 4625 6139 4450 6283 8381 5803 4423 6872 7484 5954 -1 4364 6341 8546 3484 8083 7148 9826 7146 6311 7032 7944 7146 3351 8292 6861 9533 2416 9515 -1 6183 8763 6159
6273 6327 4063 3424 3928 3868 4019 5155 4072 5462 5624 3900 5209 2532 4276 5161 4683 0 3321 631 6123 7398 5044 4748 2667 6077 1329 -1 4213 5182 3921 3843 5335 4865 5201 4073 7201 5570 7215 3406 3182 3667 2236 7479 6540 5625 -1 5760 4669 1534
8796 8917 6837 5831 8637 4831 7634 6327 4984 7636 7496 6490 9101 6322 6866 8778 10238 5790 0 6421 7180 9534 6216 7290 6458 4789 6169 -1 5261 4399 9711 4649 6799 5175 10991 8511 8548 6618 9641 8311 5956 9457 8026 6524 8973 10352 -1 8350 9047 7324
6773 9075 4574 2793 8418 7287 7415 9096 6521 9139 9416 6648 4578 5474 7024 8073 8976 8127 6263 0 6634 8505 8985 4117 6219 6292 6992 -1 7604 8957 10358 6986 8106 9011 11010 7172 8002 6245 7715 9422 3377 10104 10363 6848 7649 9286 -1 8455 8310 9661
7103 6418 2779 4628 6033 4630 5620 7260 3864 6863 7621 3991 1921 3679 4367 6918 6625 4649 3238 2997 0 6710 7149 4447 4424 5187 4791 -1 3883 2719 7701 3508 5449 7172 9850 5693 1368 3588 8045 7170 1898 7447 6885 7862 4992 8120 -1 5851 7092 6183
4477 6713 5061 6244 4068 3235 7319 5295 6053 5660 5801 4286 6687 5378 3204 8007 6613 4194 3558 4825 4766 0 5184 4289 5513 3700 4175 -1 5291 4335 7996 3053 3484 6705 7463 6151 6134 6648 2131 6715 4282 7742 6430 7541 3027 3702 -1 2871 5920 5728
2580 7617 3635 4531 4124 3531 3121 111 3684 6309 5172 5190 6561 3884 5566 5106 5142 1352 4175 1983 5630 5250 0 1150 2108 6033 2681 -1 3711 3068 5273 211 4776 3875 6553 5425 4231 5068 3522 3873 4364 5019 3588 8586 5669 5093 -1 2910 5976 2886
2656 9051 6971 7120 7765 4965 8668 5658 6929 7127 6591 6624 7615 7436 7000 3956 9096 5924 6100 6555 5694 9090 5547 0 7572 4883 5735 -1 5153 5211 9845 4783 6461 4894 9193 7700 7062 6510 3598 8174 5749 9591 8160 11039 7826 5169 -1 4338 9617 7458
4022 6004 5907 5428 4914 4216 6864 6141 5237 4201 6647 3577 7533 4923 3953 7552 7362 4036 4404 4667 5612 7075 6030 3834 0 4546 3720 -1 4475 3519 7287 2895 2668 6559 9237 6464 6878 5832 4964 6557 6029 7033 6272 7086 3873 6535 -1 5437 6766 5570
8175 9006 8132 10869 7513 8306 7618 7623 9660 2847 10800 6579 11686 9032 6955 11878 10364 8124 7404 8755 9765 8479 7512 7922 9620 0 7195 -1 8061 9334 6543 6983 8483 10647 7047 4396 9880 9418 9117 9091 7727 6289 7921 12462 8026 10172 -1 6428 7291 7817
6295 11332 7350 8246 2599 7246 6836 3826 7399 9969 4295 7706 10276 7599 8471 8821 8487 5067 7143 5698 8763 8965 3715 4865 5823 7697 0 -1 7426 6783 8988 3926 8491 7590 9005 8051 7946 6850 6440 7588 7755 8734 7303 12301 8506 8011 -1 6625 4451 5338
-1 -1 -1 -1 -1 -1 -1 -1 -1 -1 -1 -1 -1 -1 -1 -1 -1 -1 -1 -1 -1 -1 -1 -1 -1 -1 -1 -1 -1 -1 -1 -1 -1 -1 -1 -1 -1 -1 -1 -1 -1 -1 -1 -1 -1 -1 -1 -1 -1 -1
9022 8337 4698 6547 6522 6549 7539 7749 5783 8782 8255 5910 3840 5598 6231 8837 8544 6568 5157 4916 1919 8629 7638 6366 6343 6154 5902 -1 0 4638 5886 5427 6511 9091 6642 7612 3287 5507 9964 8434 3817 9366 7264 9781 6054 9182 -1 6023 8374 7412
5784 7070 3690 1909 4671 4611 4166 5898 1718 4144 6367 3992 5004 2225 5019 5904 8374 5113 3014 3908 3083 6053 5787 5335 2361 6546 2072 -1 1164 0 5898 4396 4403 7895 7806 4816 4451 2521 6726 8058 2809 7586 7276 5964 6027 6368 -1 4470 5638 6647
7557 4503 3675 6972 4164 7578 3161 5391 3214 4604 6198 5488 9689 4575 6451 9884 9860 5560 5364 6191 7768 7606 5280 6430 6167 6844 6052 -1 5849 5654 0 5491 4803 9155 8523 5367 8789 7584 8343 2548 6730 5532 1378 8758 7574 9914 -1 7254 6016 7094
7414 7468 5204 4565 4073 5009 5160 5300 5213 6603 6765 5041 6350 3673 5417 6302 5824 1141 3964 1772 5419 5039 5189 5889 3808 6131 2470 -1 3500 6323 5062 0 5915 6006 6342 5214 6787 4857 7170 3662 4323 4808 3377 8620 5458 6766 -1 5376 5810 2675
6186 7921 4541 2760 5522 5173 5017 6669 2569 4995 7218 4843 5647 3076 1648 6755 5057 3732 3821 4363 3726 6696 6558 3530 3212 7189 2923 -1 1807 851 6749 2591 0 5517 8449 4595 5094 3164 7128 6253 3660 7399 5968 6815 6878 7219 -1 3132 6489 5266
3621 6346 4007 2226 4988 4572 4162 1152 2035 4461 3440 3919 5321 2542 4295 3603 6183 2393 3331 3024 3400 6291 1041 2191 2678 4530 2389 -1 1481 317 6215 1252 4720 0 7594 5133 4768 2838 4563 4914 3126 6060 4629 6281 6344 6134 -1 3951 5955 3927
6271 7347 5267 6327 6061 3261 7198 5253 6136 8562 7541 4920 7289 6167 5296 7704 3919 4220 6311 4851 5368 7386 5142 5130 6779 6795 4031 -1 3449 4418 8141 3079 4757 4101 0 6941 6736 4806 7213 6741 4386 7887 6456 9335 6122 5055 -1 6755 7913 770
5022 5303 3736 7160 4225 3910 3222 5452 7320 9198 7094 5370 8945 4636 5746 8897 8419 3736 5425 4367 7686 7667 5341 5908 6228 6620 2799 -1 6766 7255 6586 4969 6404 8601 8937 0 8671 8123 5964 7142 4239 6332 5972 8819 5947 5776 -1 6704 4694 5270
5735 9546 7344 6460 6213 5460 7300 6956 5613 8743 8905 7119 8490 5813 7495 7035 5257 3281 6104 3912 7559 7179 6845 3079 5948 7962 4610 -1 5640 4997 7202 2140 6739 5804 8482 7354 0 6997 6677 5802 6463 6948 5517 10515 7598 8248 -1 4839 7950 4815
7023 9254 4052 2271 4393 6748 6893 5620 5762 6872 6126 8036 7012 4952 4799 8191 8208 4569 5741 4270 5091 7983 5509 4367 5697 4025 5898 -1 5208 6285 8490 3428 7899 7092 9770 6966 6459 0 7965 7090 3171 8236 6805 6326 7442 9430 -1 6127 6245 6103
5115 8926 6724 5456 5593 4840 6680 4714 4993 3529 8208 6499 7004 5193 4806 6415 5498 2661 2502 3250 5083 6559 4603 2459 5328 6107 3990 -1 3164 4009 6549 1520 3158 5184 7862 4604 4998 4654 0 5182 2151 6328 4897 8647 5434 1571 -1 740 7082 4195
7730 9585 4312 4424 4801 6396 3798 6028 4233 8397 7671 6507 7141 4740 5050 8419 8459 7134 5529 6423 5220 8243 5917 6932 4876 5699 4587 -1 3301 4253 8413 5993 3402 8704 5975 7331 6588 5036 6102 0 5324 10614 9370 8479 5026 7673 -1 5356 6653 6745
5650 9098 5673 3892 6542 6532 6226 7769 7620 7723 8275 7747 5677 6551 5678 9172 5599 5664 6032 1099 7240 9562 7658 5216 6127 6174 5348 -1 7765 6809 9506 4523 5958 8187 10760 3795 7815 6440 6592 8185 0 9252 7900 7947 5501 8163 -1 7162 7639 7198
7176 4757 3929 6426 4418 3816 3415 5645 3371 4858 6452 3177 9168 4829 3553 8476 6962 4722 3694 5353 7247 6675 5534 4520 5275 5539 6051 -1 5553 4517 254 3581 3746 7245 8777 5621 6478 6910 8118 2802 4306 0 1632 9012 5057 7355 -1 5037 1002 6256
6482 9385 2297 5594 2786 6200 1783 4013 1836 3226 7567 4110 8311 3197 5073 8506 8482 5254 3986 5885 6390 6228 3902 5052 4789 5466 4674 -1 4471 4276 6922 4113 3425 7777 7145 7117 7411 6206 7272 1170 6155 6668 0 7380 6196 8843 -1 5876 4638 6788
7429 6339 6506 6922 3733 2253 7970 4960 6075 5911 8432 3912 9318 7406 4288 9211 7697 5457 1091 6088 7397 5239 4849 5255 6957 5880 6786 -1 6352 5490 7473 4316 6115 6266 10658 5547 7213 7709 7370 7160 6364 7219 7693 0 5658 8786 -1 5772 5585 6991
6675 8736 2034 5809 5878 4650 4875 7105 5618 9699 8747 6309 8904 2934 6685 9804 5820 5609 3723 6240 6983 5965 6994 7470 5498 8273 4452 -1 5064 7469 9016 4468 6618 8898 8878 7757 8351 6421 7617 6055 5775 8762 7845 7117 0 8748 -1 7560 6347 7143
4012 8708 5897 6655 4904 6205 6854 6131 6358 7383 6637 6281 7523 4913 4040 7542 7449 4026 2840 4657 5602 7924 6020 3824 5048 4536 3710 -1 6127 5171 7868 2885 4320 6549 9227 6454 6905 4384 4954 6547 6116 7614 6262 7076 3863 0 -1 5524 6756 5560
-1 -1 -1 -1 -1 -1 -1 -1 -1 -1 -1 -1 -1 -1 -1 -1 -1 -1 -1 -1 -1 -1 -1 -1 -1 -1 -1 -1 -1 -1 -1 -1 -1 -1 -1 -1 -1 -1 -1 -1 -1 -1 -1 -1 -1 -1 -1 -1 -1 -1
6145 9258 6199 4716 6409 6376 6386 5002 4987 7413 8105 7261 8065 5494 4066 9173 5759 6150 6239 6417 6144 9096 4891 5948 5630 8458 3810 -1 4225 3269 9167 5009 2418 7935 10604 3955 4258 5582 7087 8375 5318 9817 8386 8771 8175 8658 -1 0 7742 7684
7254 9387 4185 7196 5375 6979 4372 6602 6827 7384 8545 3255 8166 5085 5395 8324 7637 4800 2692 4403 6245 8116 6491 4598 4273 4537 6129 -1 7095 6516 8721 3659 6941 7323 10001 7099 6556 8516 8196 6361 3304 8467 7036 9216 4055 9767 -1 5405 0 6334
5501 6577 4497 5557 5291 2491 6428 4483 5366 7792 6771 4150 6519 5397 4526 6934 3149 3450 5541 4081 4598 6616 4372 5311 6009 6025 3261 -1 2679 3648 7371 2309 3987 3331 3667 6171 5966 4036 6443 5971 3616 7117 5686 8565 5352 4285 -1 5985 7143 0
5639 926 -1 8532 4048 3963 3623 6098 8261 7964 6209 1863 2317 6163 1676 4557 3601 4066 3153 -1 3651 2205 -1 1088 2015 4287 11 6709 2377 5147 4076 6181 4127 4459 5132 3719 5039 3547 1893 4436 2825 4432 5632 1769 2422 4353 3248 3889 5363 3305
5877 3805 -1 5974 4286 3642 5904 4162 10083 10081 4660 8585 3738 7339 3793 6330 5103 5079 5054 -1 3889 4353 -1 7176 5443 2622 7031 5174 2615 3871 5057 4516 5231 1938 3703 5836 3237 3984 4548 2953 4543 4399 6256 6744 4570 6836 6517 7104 5997 5422
6660 2917 -1 6611 5069 2754 6087 1783 9319 10610 8572 6504 2850 9351 4606 7031 4339 6082 4394 -1 4672 5136 -1 5729 4479 4904 4652 4358 3398 2775 4472 5281 6234 3800 2607 4115 8271 2888 3909 121 2164 6103 3877 5980 4548 6544 6383 7082 6780 3701
7794 4416 -1 8392 5052 4535 7868 3564 6361 7965 8177 7183 4631 5576 1677 8247 5332 3124 619 -1 5969 4889 -1 6211 6260 3345 5331 6139 4695 4556 4077 5239 3276 1950 4388 3720 8146 3968 951 1902 3945 3541 5658 6892 4153 6419 8164 6687 7421 3306
4928 1550 -1 8325 6386 4551 6262 5883 7461 9891 6027 5302 4647 7160 3603 3187 2466 5632 4875 -1 5989 2023 -1 4784 5711 2443 3707 5574 4715 4822 5691 4337 5784 3659 4654 5334 5280 2747 3459 4872 3543 3206 6289 4107 1287 3553 6944 3821 6898 5232
3330 2286 -1 7131 1739 5287 5755 6036 8197 8705 5810 6038 5065 3854 4424 3783 3202 5903 5901 -1 1342 1806 -1 3836 4763 5369 2759 5069 68 3486 6427 7102 3563 4395 5390 6070 6016 3483 3730 4374 4279 3802 7025 4517 2023 4289 5996 4557 3450 6053
5931 674 -1 7125 5583 3268 6329 2297 8464 9057 7030 6305 3364 8163 3385 4190 3469 3763 4908 -1 5186 3026 -1 5787 4993 3446 4710 4872 3912 3289 4986 5340 3915 4314 3121 4629 6283 3402 4304 635 2678 4209 4391 5110 2290 4556 6897 4824 7294 4215
12097 7126 -1 14094 8526 10227 8999 9836 9714 11771 11584 8127 7059 11415 6260 1960 9726 6477 8764 -1 10633 8469 -1 8070 8538 6698 6993 8366 9359 8265 7551 8592 6629 9463 10182 7194 6332 8551 4304 8174 9347 1979 9339 8751 8547 10813 9612 5681 10739 7889
6114 2901 -1 9676 5489 5895 6660 4924 8812 10843 6425 6653 5991 9231 4555 6567 3652 6808 6554 -1 5092 2421 -1 5244 7550 7029 5546 774 3818 1286 5819 8422 6960 2700 5748 6316 6631 1788 4635 6617 2584 6535 7018 5293 2638 4904 7404 5172 4065 6184
7737 4359 -1 10628 3812 7167 7828 8109 10270 10778 7883 7191 7263 9752 7004 8190 5275 7492 7467 -1 3415 3879 -1 6416 7343 5035 5339 7587 5028 7396 4085 6929 5636 6468 7228 3728 5650 5556 5803 6447 6352 6812 7898 6916 4096 6362 6976 6630 5523 3314
7266 3888 -1 10295 7058 5166 5121 8060 9757 9619 7412 3066 5262 9263 4085 7719 4804 4325 5445 -1 8327 3408 -1 7610 8537 4546 6533 7912 7053 7063 4813 6440 4477 5997 6895 6128 7618 5085 3096 6728 5881 7687 6835 6445 3625 5891 8662 6159 6861 5714
4005 627 -1 7402 5463 3628 4386 4960 6538 9828 4151 4379 3724 7578 4591 4458 1543 4534 4446 -1 5066 147 -1 2970 5276 4755 3272 4651 3792 3899 4768 6261 4686 2736 3731 4411 4357 1824 2361 5729 2620 4426 5366 3184 364 2630 5130 2898 1791 6220
3741 2697 -1 8520 2150 5059 6166 6447 8608 9116 6077 6449 5155 6563 5615 4194 3613 6046 4557 -1 1753 2217 -1 5040 6992 5780 5342 622 479 1134 1977 7674 3974 4643 5120 1620 6427 3731 3873 4785 4527 4213 5790 3397 2434 4700 7200 2984 3861 7244
5760 2017 -1 5711 4169 1854 5187 883 8419 9994 7672 5604 1950 8451 3706 6131 3439 5182 3494 -1 3772 4236 -1 4829 3579 4004 3752 3458 2498 1875 3572 4381 5334 2900 1707 3215 7371 1988 3009 2576 1264 5203 2977 5080 3648 5644 5483 6182 5880 2801
3806 3095 -1 8327 5264 3679 3720 5111 9006 6670 6451 5530 3775 7379 5531 4259 1344 3868 4369 -1 4867 3568 -1 6031 5404 4089 4954 4452 3593 3700 7236 5983 1528 4725 3532 6879 5413 3813 1695 5652 4609 4227 7834 2985 2832 5098 6325 5366 5460 7029
2594 4056 -1 10831 5431 5748 7756 7487 9967 12254 4204 5701 5844 10719 6720 3047 4972 6960 7388 -1 7189 4529 -1 7778 7473 7181 6701 6084 7221 4501 7448 2489 7112 6165 5601 7502 7786 5253 4972 8671 6049 3066 8795 6613 3793 6059 4685 6327 8075 7088
2245 3707 -1 10482 5082 5399 8419 6233 6825 5768 8184 2121 5495 7418 5358 2698 4623 5575 6160 -1 8146 4180 -1 5845 7124 3728 6341 7003 6872 5420 7758 5622 5727 5816 5252 7401 7437 4904 3402 4571 5700 2717 6994 6264 3444 5710 7717 5978 4666 6987
5438 4100 -1 8243 3980 4386 5339 3415 4993 8458 7884 2834 4033 7722 3046 5891 2976 3164 2901 -1 3583 4047 -1 2804 3731 3385 1727 4846 2309 4407 4310 5279 3316 1191 4239 5089 2812 279 991 4184 1075 5223 3821 3485 4264 1085 4964 5171 5691 4675
5112 5148 -1 8540 6570 4985 8318 7205 10783 12051 9348 8624 5081 8570 6837 5565 2650 6940 5675 -1 6173 6637 -1 7337 6710 3853 6260 5758 4899 5006 7939 5747 7092 6031 4838 8656 8602 5119 4767 6958 5915 4414 2188 4291 6311 6875 8547 7143 8281 8466
8319 7209 -1 11185 6728 7328 9197 6357 4362 10758 10655 8636 7424 8369 4470 8772 8125 5601 3412 -1 6331 6795 -1 7861 8788 5822 6784 5200 5057 5712 6555 7716 5753 4743 7181 6198 10939 6761 3428 4695 6738 6334 8451 7975 6946 9212 7721 7562 8439 6099
5662 3731 -1 6860 4071 3607 6940 4562 7359 9416 7998 7483 3703 6574 3905 6042 4647 4122 1617 -1 3674 4138 -1 6961 5332 4251 6376 2543 2400 3055 3898 4973 4274 2948 3460 3541 7461 3741 1949 2900 4537 4539 2586 5318 3468 5734 7236 4905 5782 5534
6565 3573 -1 8476 2908 5015 5107 6261 8726 7122 6033 3052 5111 7089 834 7018 4489 5255 4079 -1 3969 3394 -1 2014 6492 5476 4488 6827 3303 5244 1933 7370 4732 4037 5076 1576 7006 3125 3082 5182 3921 7001 5746 2695 3310 5279 4174 4815 5277 2463
3812 434 -1 7209 5270 3435 5146 4767 6345 8775 4911 4186 3531 7385 2487 2071 1350 4516 4253 -1 4873 907 -1 3668 4595 4737 2591 4458 3599 3706 4575 6068 4668 2543 3538 4218 4164 1631 2343 3756 2427 2090 5173 2991 171 2437 5828 2705 6886 4116
6550 3582 -1 9352 6704 6099 6279 8319 10917 10620 8160 4519 4973 8819 4332 7003 6257 6129 5809 -1 6307 4861 -1 3744 4671 6350 2667 7703 5033 6120 6732 6445 6281 7115 5952 6375 7695 6203 3956 7092 5481 5252 8280 4425 5078 7009 5904 6545 8019 5961
5248 3118 -1 7477 3657 4199 7645 5806 8271 6667 5217 5885 4295 8070 379 5701 4034 7200 6047 -1 3260 3591 -1 5110 6037 7287 4033 6011 1986 4428 2779 8511 5481 3582 4260 2422 6434 2670 5027 6028 3466 5720 6592 5675 2855 5121 7270 5389 5368 2008
10584 7206 -1 11388 6659 10014 8664 6560 13117 13531 10730 6497 7881 12160 9313 9583 8122 8812 10314 -1 6262 6726 -1 9087 10014 7882 8010 10434 7875 10243 6932 9776 8483 9315 10075 6575 8497 8403 6639 8253 6941 9602 9592 9763 6943 9209 3758 5934 8370 6161
7527 4149 -1 10924 8175 7150 8861 8482 10060 11774 8626 7361 7246 9759 6202 5786 5065 6480 7474 -1 8588 4622 -1 6608 7535 5042 5531 8173 7314 7421 5930 6936 6632 6258 7253 7933 7879 5346 6058 7471 6142 5805 8888 6706 3886 6152 8768 6420 9497 7831
-1 -1 -1 -1 -1 -1 -1 -1 -1 -1 -1 -1 -1 -1 -1 -1 -1 -1 -1 -1 -1 -1 -1 -1 -1 -1 -1 -1 -1 -1 -1 -1 -1 -1 -1 -1 -1 -1 -1 -1 -1 -1 -1 -1 -1 -1 -1 -1 -1 -1
7581 5650 -1 8779 5935 5526 7280 6481 9278 11335 9060 6092 5622 8493 5824 7961 6566 6041 3536 -1 5593 6057 -1 7481 7251 6170 6404 4462 4319 4974 4387 6892 6193 4867 5379 4603 7840 5660 3868 4819 5648 6458 4505 7237 5387 7653 3353 6824 7701 7453
6314 1051 -1 4141 4723 888 4221 3108 8270 8649 6952 7256 984 7485 2740 5571 5370 5033 2528 -1 4326 4139 -1 6745 2613 5254 5668 2492 3052 909 4779 5200 5185 1934 741 4576 7852 1022 2860 3811 1818 5450 5202 7011 4356 6198 4517 5232 5783 4369
9092 3835 -1 9795 7322 5951 4621 5458 10553 9090 7352 7973 6047 8734 6546 7118 6630 3796 6449 -1 8019 5635 -1 6357 4160 4017 7287 3988 7032 4500 5077 4743 3948 5914 5804 6123 1954 5002 6551 3796 5798 3116 5415 7038 5451 6645 5234 7985 6361 7376
6579 3387 -1 9384 5121 3224 6480 4556 6134 9599 8464 3975 3320 8863 4187 7032 4117 4305 4042 -1 4724 5188 -1 3945 4872 4526 2868 5987 3450 5545 4364 5857 4457 2332 5377 4007 3953 1420 2132 5325 2216 6364 4962 4626 5360 2226 6105 2494 6832 5816
5454 1694 -1 4992 5574 1531 5072 3959 8725 8318 2549 6566 1627 8336 3591 5907 2992 5516 3379 -1 5177 3287 -1 6536 3464 5737 5459 3343 3903 1760 5422 5843 3176 2785 1592 5427 6544 1873 3343 4662 2669 5875 6009 4633 2551 4817 5160 5085 6420 5220
4853 1368 -1 4458 3999 1205 4538 3425 6834 8966 5952 5227 1301 7802 3057 3112 2391 5350 2845 -1 3602 1948 -1 4709 2930 5571 3632 2809 3369 1226 5096 5517 4292 2251 1058 4893 5205 1339 3177 4128 2135 358 5519 4032 1212 3478 4834 3746 5710 4686
6164 3336 -1 8559 5000 5306 4575 7050 9213 8916 7306 6040 3269 7115 2628 5925 5330 5370 4105 -1 4603 4887 -1 2040 2967 5591 963 6910 3329 5327 5028 7163 5522 5411 5159 4671 5991 4499 3197 5388 3777 4459 7954 2721 4151 5305 4200 4841 6315 4257
7041 3896 -1 6992 5450 6490 8645 2164 8729 10268 8953 6570 6586 7764 6145 7412 6108 6463 6637 -1 5053 5517 -1 6110 7037 5285 5033 8094 3779 6511 4853 5662 6615 4927 6343 4496 6548 4015 4290 3857 2545 7431 7557 6791 4929 4821 8270 7463 7161 4082
5683 2363 -1 9138 7199 5364 7075 6696 8274 11025 6840 6115 5460 9314 6327 6136 3279 6445 6182 -1 6802 2836 -1 6085 7012 6666 5008 6387 5528 5635 6504 3605 6597 4472 5467 6147 6093 3560 4272 7465 4356 6155 7102 4920 2100 4366 8245 4634 8815 7956
7029 3651 -1 10426 4503 4932 8265 5835 8632 10236 8128 7403 5028 7847 3948 7482 4567 5395 2890 -1 8090 4124 -1 6415 6657 5616 5338 6536 6816 4953 2258 7510 5547 4221 4785 5991 7381 4848 3222 4173 5644 5812 7677 6208 3388 5654 7783 5922 9692 5577
5121 1743 -1 8150 5315 3021 2976 6076 7612 8228 5267 921 3117 8062 1940 5574 2659 3124 5562 -1 6182 1263 -1 5465 6392 3345 4388 5767 4908 4918 4340 5239 3185 3852 4750 3983 5473 2940 951 6845 3736 5542 4690 4300 1480 3746 6517 4014 4716 3569
8829 3354 -1 8394 4907 3403 3220 5623 10785 11543 5951 5425 3499 10000 5255 4570 6394 7548 5043 -1 6841 6654 -1 6139 1612 7244 6938 5007 5567 3424 3932 2195 6578 4449 3256 3575 9946 3537 5375 4433 4333 4589 7717 6820 5953 8219 2686 6835 4960 6884
7844 4746 -1 10439 5382 7489 9273 5959 5461 7518 8507 7513 7585 7162 2007 8297 5662 2224 4511 -1 7430 5219 -1 5311 7665 2445 5661 6299 6156 6811 4407 4339 2376 5210 7550 4050 8476 4298 51 5794 5094 7433 8220 5992 4483 6749 7471 7017 7751 3636
4848 3804 -1 8658 3257 5277 4875 5712 9054 9344 6295 7556 5373 6310 5654 5301 4720 4050 4025 -1 2860 3324 -1 6147 4414 1593 6449 4145 1586 4657 5331 3487 4202 5356 5258 6377 2208 5001 3519 4050 5797 3370 5669 6361 3541 5807 5488 6075 4968 7283
7714 2457 -1 8417 5944 4573 3243 4080 10247 10840 5974 6595 4669 9946 5168 5740 5252 5546 6213 -1 6641 4257 -1 4979 2782 5229 6493 2610 5654 3122 3699 3365 5698 4536 4426 4745 576 3624 6087 2418 4420 5759 4037 5660 4073 6339 3856 6607 4983 5998
5583 4539 -1 9384 3992 6076 8008 7711 10450 5527 8063 8291 6172 6107 6073 6036 3741 6675 6766 -1 3595 4059 -1 6089 7016 4944 5012 6849 2321 5739 4564 6838 5816 6648 5929 4207 7170 5736 4502 6627 6532 5505 3279 5382 4276 6542 8249 2694 5703 7702
7980 4951 -1 8279 6389 4788 8121 3817 10602 11588 9167 7941 4884 5002 5877 8433 6373 6759 5494 -1 5992 6456 -1 3429 6513 6938 6686 6392 4718 4809 6506 7315 6911 5834 4641 6149 8421 4922 4586 2155 4198 8137 5911 4110 6582 6694 5589 6230 2250 5735
6486 3108 -1 9312 3744 5851 7635 5796 8261 6657 6869 5875 5947 8865 369 6939 4024 5520 6927 -1 5964 3581 -1 5100 6027 5741 4023 7132 4690 6080 2769 7635 5568 3572 5912 2412 6838 2660 5017 6018 3456 6907 5028 5665 2845 5111 7260 5379 6113 1998
-1 -1 -1 -1 -1 -1 -1 -1 -1 -1 -1 -1 -1 -1 -1 -1 -1 -1 -1 -1 -1 -1 -1 -1 -1 -1 -1 -1 -1 -1 -1 -1 -1 -1 -1 -1 -1 -1 -1 -1 -1 -1 -1 -1 -1 -1 -1 -1 -1 -1
7872 2370 -1 7410 7992 3949 2236 6119 10779 7678 4967 7880 4045 7322 6009 6962 5410 2384 5037 -1 7595 5705 -1 5155 5882 2605 6156 5761 6321 4178 6691 4499 2536 5203 4010 7845 8962 4291 211 6320 5087 6981 8427 5836 4969 7235 7315 6551 3976 7638
7260 3882 -1 8585 5099 6883 7641 5968 8052 10682 7406 7634 6979 5308 4652 7713 4798 5528 3023 -1 7533 3402 -1 6225 7973 591 6527 7601 6259 6018 4677 2485 5680 4354 6792 6695 7612 5079 3355 4306 5875 5945 4880 6439 3619 5885 8295 6153 5046 6281
5394 2566 -1 7789 4230 4536 3805 6280 8443 8146 6536 5270 2499 6345 1858 5155 5513 4600 3335 -1 3833 4297 -1 1270 2197 4821 193 6140 2559 4557 4258 6393 4752 4641 4389 3901 5221 3729 2427 4618 3007 3689 7184 1951 4334 4535 3430 4071 5545 3487
