50
2738 2905 2812 3088 4132 -1 5036 6535 5259 3817 1735 4347 2473 3561 5450 5272 5339 5255 4982 -1 4657 5140 5223 4877 6447 5779 4188 4338 5503 2009 1995 5442 4034 2032 1822 2891 4533 -1 3929 4078 4843 3508 5727 4417 3037 5281 1703 7323 4567 6915
3936 6450 7677 2753 4629 4035 2492 3216 3799 912 5338 -1 2580 2746 12436 4241 4451 3374 3493 7454 2768 7733 2314 8521 3899 7098 1499 -1 4827 3173 7450 3760 4183 1756 1324 4433 4874 3922 3817 5760 3661 3582 2451 2599 3490 4003 3071 5334 4190 2757
4530 7240 4315 4744 6479 -1 3954 4742 7124 6017 2804 8036 3200 7161 5998 4809 4177 2510 4964 -1 3967 5530 4771 2992 4698 7306 2553 5966 6881 7677 7306 1254 7757 8906 4919 5343 7203 -1 3994 5737 4972 3431 4602 9512 5915 4173 1426 5287 6226 2255
5492 5984 5765 1786 5426 5264 4635 4707 5823 2217 5455 -1 4594 10384 4966 5209 8844 4495 7445 6910 4598 7886 9914 7098 5400 5988 4174 -1 8078 7602 951 8567 5728 5720 5615 5041 3049 6072 5998 3347 7142 3598 6076 4877 3449 4398 4103 6626 5644 4511
0 4713 3616 6217 4746 -1 2627 4126 5959 1079 1726 5047 3896 5202 6254 2863 5953 6059 5682 -1 5044 6316 3766 6370 5333 5842 4331 3513 3094 4510 4496 5433 4448 4533 5576 5214 7022 -1 4543 4778 5543 1099 5939 4171 6000 4120 5458 7386 5181 10272
8481 0 9553 9248 5802 -1 9703 10996 5900 5446 8802 9029 8263 9085 12191 9939 10888 4730 9063 -1 6366 11251 9521 11541 4122 12326 9264 10048 10170 6086 11031 10480 5572 8687 6898 9581 11737 -1 9478 8760 9525 8175 10418 7012 8938 5219 8907 8711 10050 14119
4200 7778 0 7245 5435 -1 6591 8326 7520 4211 1511 6608 5090 5508 2638 5160 7895 6415 7243 -1 7870 7530 6208 9015 8052 8487 8531 2959 7058 3956 3942 5218 6590 2917 7184 6898 7089 -1 5232 6339 6934 5299 7422 5766 5593 6904 7210 10031 6172 10884
5167 5468 8235 0 5864 -1 2841 4340 6173 1293 1940 5261 4110 5889 9405 3077 7605 7183 5896 -1 5971 6847 5851 6584 7506 6056 8869 3727 3308 4724 4710 5647 4662 4747 6503 5428 7236 -1 5661 4992 5757 1313 7851 4385 6214 4334 8025 7600 5626 10486
7501 9428 10744 8022 0 -1 9848 10652 8067 7107 8947 7155 9924 6795 11170 4668 12042 7702 9569 -1 9286 9129 10234 11304 11751 10776 8573 4246 9560 5243 5229 10565 9045 5266 6207 8185 10274 -1 8931 8665 9430 8320 8961 5918 4616 6880 9700 11683 9871 13682
-1 -1 -1 -1 -1 -1 -1 -1 -1 -1 -1 -1 -1 -1 -1 -1 -1 -1 -1 -1 -1 -1 -1 -1 -1 -1 -1 -1 -1 -1 -1 -1 -1 -1 -1 -1 -1 -1 -1 -1 -1 -1 -1 -1 -1 -1 -1 -1 -1 -1
2326 4667 5578 5414 3051 -1 0 6452 4507 3405 1150 4203 3818 3048 8216 4799 5381 6853 4838 -1 3130 4006 3194 3743 4665 3215 6028 5839 467 2301 6822 4857 2005 6269 3662 5596 4395 -1 2848 3934 4699 3425 6745 3776 5309 4335 5518 4759 2785 9521
3629 5666 6546 2132 4419 -1 4486 0 1833 3425 3585 921 6242 4875 9184 4722 5626 3692 1556 -1 7177 5989 5510 7637 6734 7109 6464 5859 4953 2184 6842 5830 4321 6244 5428 7071 5333 -1 4216 652 1417 2958 5373 5542 3837 4181 6639 7673 4854 9128
3088 7801 6704 3348 7834 -1 5715 7214 0 4167 4814 6940 4763 8290 9342 5951 9041 9147 8770 -1 8132 8286 6854 8023 8421 8930 7419 6601 6182 7598 7584 8212 7536 7621 8664 8302 10110 -1 7631 7866 8631 4187 9027 7259 9088 7208 8546 10474 8269 13360
7301 8499 6942 6632 5538 -1 8202 5550 6503 0 6525 5591 2817 5994 8344 8438 6745 8766 6226 -1 8505 7108 4558 7794 7853 7266 10512 8665 5510 6227 9648 6920 3369 5563 8146 4135 9027 -1 5335 5322 6087 6674 9873 3092 6673 3041 8027 9694 5973 12822
6087 6267 7081 6308 3924 -1 6273 7772 6009 2892 0 5097 5709 5825 7465 3649 6576 8375 5732 -1 6891 6019 4697 7504 6541 6976 8146 7786 6740 6360 8085 3707 5271 6681 5865 6766 5770 -1 3721 4828 5423 4745 5911 5979 4274 5933 7858 8520 4661 9565
4000 4745 7616 4260 8746 -1 6627 8126 912 3861 5726 0 5675 9202 10254 6863 9953 9475 9682 -1 9044 9198 7766 8935 8867 9842 8331 7513 7094 8510 8496 9124 7230 8533 9576 7996 11022 -1 8543 8778 9543 5099 9939 6953 10000 6902 9458 11386 9181 12984
8236 6663 7477 6822 6073 -1 8832 11162 7811 6055 7060 8618 0 6529 7861 9899 7280 10576 9253 -1 9040 7643 5093 9653 8388 9125 11047 8182 9299 8509 9165 4103 5975 8590 8681 7162 10305 -1 5870 8349 9114 8135 10549 9147 8005 9096 8562 10229 6508 10064
6949 6835 8340 2773 5159 -1 5614 7018 8621 2682 4357 7886 5499 0 10978 5850 6283 8165 6098 -1 8126 6646 6250 8739 7474 7973 8021 6500 6081 7497 7483 8064 5061 6471 5655 6817 5560 -1 4956 7617 8382 4086 6014 5769 4064 4966 7648 9232 5594 9355
1562 5774 5178 4607 4050 -1 3953 5688 6628 1573 3288 5716 4390 2870 0 4425 5257 3777 4989 -1 6294 5620 3964 7630 6365 6864 5893 321 4420 1318 1304 6995 3952 1341 4546 4260 4451 -1 3847 5447 6212 2661 5036 3128 2955 4266 4572 7758 4485 8246
5461 4760 6643 3354 7738 -1 6195 7694 3399 4647 5294 2487 7464 5812 9281 0 9074 8659 9015 -1 7817 4461 6887 8430 8882 7902 8168 7081 6662 8078 8064 5897 6287 5718 5802 8010 5606 -1 7535 8111 8876 4667 10138 5916 7206 6475 8720 9446 7472 11058
1363 3073 4979 5912 3815 -1 3990 5489 7322 2442 3089 6410 5259 5349 7617 4226 0 5726 7045 -1 5782 363 3913 7395 3538 6867 5694 4876 4457 5873 5859 2923 4795 4721 4805 5715 7998 -1 3612 6141 4082 2462 7302 4919 6502 5478 6821 2949 4552 8617
3751 6509 4823 4584 4951 -1 5139 6266 5390 716 5477 4478 3533 5407 7461 6614 6158 0 4458 -1 6507 6521 5274 6811 4570 7790 5794 5920 5606 1356 6903 5750 2892 3957 3428 4851 8751 -1 4748 6038 5114 4850 5688 2305 4208 489 6761 3981 5386 10417
2073 4638 5689 576 2863 -1 3417 4916 6325 1869 2160 5837 4686 3319 8327 3653 4070 7366 0 -1 5830 4433 3954 6443 5178 5915 6404 4303 3884 5299 5286 5867 2765 5323 5202 5515 7095 -1 2660 5568 6333 1889 3817 4961 6069 2769 5083 7019 3298 8417
-1 -1 -1 -1 -1 -1 -1 -1 -1 -1 -1 -1 -1 -1 -1 -1 -1 -1 -1 -1 -1 -1 -1 -1 -1 -1 -1 -1 -1 -1 -1 -1 -1 -1 -1 -1 -1 -1 -1 -1 -1 -1 -1 -1 -1 -1 -1 -1 -1 -1
3576 1537 3650 3926 4135 -1 4173 5672 6097 1432 3272 5185 4249 2719 5898 4409 5342 6093 5174 -1 0 5705 3155 5715 5659 6128 2898 5059 4640 4666 6042 6466 4037 5157 532 3729 5371 -1 3932 4916 5681 2645 7167 646 3875 1205 2541 8161 4570 7753
1000 3236 4616 5549 5746 -1 3627 5126 6959 2079 2726 6047 4896 6202 7254 3863 6953 7059 6682 -1 6044 0 4766 7370 6333 6842 5331 4513 4094 5510 5496 6433 5448 5533 6576 5352 8022 -1 5543 5778 6543 2099 6939 5171 6195 5120 6458 8386 6181 8254
3143 3941 2384 4209 980 -1 4751 7230 4442 4118 1967 4339 4635 1436 5022 5616 2187 5483 4373 -1 3947 2550 0 4560 3295 4032 5954 5226 5218 3416 6209 5110 882 4899 3588 4657 5212 -1 777 4070 4835 4203 5456 4593 4186 5152 3469 5136 1415 10338
1263 3499 4879 3319 2334 -1 3890 5389 2240 2342 2989 1328 1882 2790 7517 4126 3541 6837 2743 -1 5301 263 2728 0 4649 5386 5594 4613 4357 4770 5596 1738 2236 5633 4942 5615 6566 -1 2131 5424 6189 2362 6560 5434 5540 5383 4823 6490 2769 5778
4900 3781 5894 6170 6379 -1 5581 7080 7578 2904 4680 6666 5721 4963 8142 5817 7092 2188 6150 -1 2244 7455 5399 7930 0 8204 5142 6317 6048 3544 7300 7671 5080 6145 2776 5973 7615 -1 6176 7135 7302 4053 6823 2890 6119 2677 4785 6169 6814 9997
7729 8030 7026 6793 7207 -1 5403 6902 8735 3855 4502 7823 6672 4020 9664 5639 8414 7752 8146 -1 7808 8189 8298 7926 5564 0 10069 6289 5870 4434 4420 8209 7109 4457 7703 7990 7608 -1 7004 7554 6108 3875 8152 6947 6112 6896 9696 4975 7642 9964
2162 2250 2236 2512 4848 -1 4710 6288 4683 2145 3747 3771 4962 3432 4874 5025 6022 4679 4406 -1 713 5263 3868 5000 5922 4472 0 3762 5177 4407 4745 6738 3262 3743 1245 2315 6084 -1 4645 3502 4267 3261 5753 1359 3158 1918 1127 6747 4042 7163
7207 5536 8279 4286 6968 -1 6386 6406 6307 4172 5485 5395 6989 2549 8059 6622 7796 3456 6030 -1 5973 8159 5988 9170 8026 8642 8871 0 5314 997 983 9192 4799 1020 6505 3939 8109 -1 6765 5126 5891 4858 4715 2807 6613 3945 7856 7437 6416 11904
7304 7605 8250 5123 7233 -1 4978 6477 7713 5775 4077 6801 8204 8026 10888 5214 8633 7080 7436 -1 8108 6965 6825 7473 9051 7601 9626 8850 0 1834 9833 7784 5636 9478 7260 8329 8567 -1 7030 6532 7297 3450 8364 8754 7071 5548 7141 9737 7171 12353
7487 7351 7375 3289 5971 -1 6130 7629 7362 4582 4873 7038 7399 6427 10013 6366 6799 10434 7293 -1 8938 7162 4991 9551 8286 9023 10274 7016 6597 0 7999 8580 3802 8036 7908 8717 10203 -1 5768 6769 7534 4602 6530 7674 7106 5482 7789 9748 6406 13775
6310 4553 7389 3303 5985 -1 5403 6902 7376 4248 4502 7043 7065 1566 9803 5639 6813 9283 7307 -1 4990 7176 5005 9146 8300 8618 7888 7030 5870 14 0 8209 3816 37 5522 8383 7126 -1 5782 6774 7539 3875 3732 5636 5630 5496 7531 9762 6420 10921
4133 4931 3374 5199 1970 -1 5741 8220 5432 5108 2957 5329 5625 2426 6012 6606 3177 6473 5363 -1 4937 3540 990 5550 4285 5022 6944 6216 6208 4406 7199 0 1872 5889 4578 5647 6202 -1 1767 5060 5825 5193 6446 5583 5176 6142 4459 6126 2405 8661
5564 7004 7440 4067 6354 -1 6908 8407 4369 5360 5651 3457 5207 6810 10078 6811 7561 6632 3491 -1 8602 7924 7445 9505 6358 9406 8531 7794 7375 4093 7922 9310 0 7959 6165 7519 7869 -1 6151 3188 3953 5380 7308 5042 6373 6260 6331 10510 4478 11543
8529 6490 7858 5773 7140 -1 8614 10018 8792 5682 7357 8290 8499 3000 9766 5803 9283 10936 9098 -1 4953 9646 8108 10668 9757 10192 7851 7480 9081 8477 8463 9994 8061 0 5485 8682 8560 -1 6937 9348 10113 7086 9014 5599 7064 6158 7494 11736 7877 12355
4528 4616 4537 4878 6455 -1 3641 5140 6006 2093 2740 5094 4266 5798 7175 3877 7662 7045 5729 -1 3079 5700 6234 5437 7995 6838 2366 4527 4108 5524 5510 6447 5462 5066 0 3638 5323 -1 6252 4825 5590 2113 7831 2595 5360 4284 3493 8400 6115 7475
4164 5003 5026 2667 4701 -1 5021 6520 2368 3960 4120 1456 4529 4428 7664 5257 6161 4631 2091 -1 6381 6524 6045 7091 4357 7644 6402 6394 5488 2092 7377 7605 4856 1428 4036 0 5868 -1 4498 1187 1952 3493 5908 3041 4372 4860 3917 8612 2477 9129
5575 6373 6887 4781 3412 -1 7608 9121 6874 6074 4399 6771 7067 3868 5820 7858 4619 7193 6805 -1 6379 4982 4503 6992 5727 6464 8386 6141 8075 5848 7124 7542 3314 7161 6020 7089 0 -1 3209 6502 7267 6094 7888 7025 6618 7584 5901 7568 3847 12770
-1 -1 -1 -1 -1 -1 -1 -1 -1 -1 -1 -1 -1 -1 -1 -1 -1 -1 -1 -1 -1 -1 -1 -1 -1 -1 -1 -1 -1 -1 -1 -1 -1 -1 -1 -1 -1 -1 -1 -1 -1 -1 -1 -1 -1 -1 -1 -1 -1 -1
2366 3466 5618 5454 203 -1 4701 6453 4547 3445 1190 4243 3858 3088 8256 4839 4948 5008 4878 -1 3170 4046 3234 3783 2820 3255 6068 4449 5168 2941 5432 4897 2045 4424 3702 5636 4435 -1 0 3974 4739 3426 4679 3816 4819 4375 5558 4799 940 9561
2977 5014 5894 1480 3767 -1 3834 5333 1181 2773 2933 269 5590 4223 8532 4070 4974 5936 904 -1 6525 5337 4858 6985 6082 6457 5812 5207 4301 1532 6190 6640 3669 5592 4776 6419 4681 -1 3564 0 765 2306 4721 4890 3185 3673 5987 7923 4202 8476
5305 5696 6341 5018 3515 -1 3069 4568 3482 3866 2168 4892 6295 3971 8979 3305 4722 5171 5527 -1 6199 5085 4606 6220 5830 5692 6377 7761 3536 5370 6231 5875 3417 4827 4011 6420 3916 -1 3312 4623 0 1541 6650 4125 2420 3639 5232 7671 3950 7711
3854 4155 7106 5118 4551 -1 1528 3027 4860 3519 627 3948 5346 4576 8092 1764 6292 6719 4583 -1 4658 5534 4722 5271 6193 4743 7556 7367 1995 3829 8350 4334 3533 7308 5190 6271 5923 -1 4348 3679 4444 0 6538 5304 4901 5863 7046 6287 4313 9173
2578 821 6194 4371 5701 -1 2699 4198 4223 1151 1798 3311 3968 4593 8832 2935 6131 5551 3795 -1 5780 6494 5709 6393 4943 5865 6131 3585 3166 4574 4568 5505 4250 3681 3765 5286 7045 -1 5498 3042 3807 1171 0 3879 5566 4192 5588 7409 5435 10344
6814 5812 10430 7360 8790 -1 7609 9108 9581 6825 6708 8669 9557 8122 5252 7845 10058 7795 10067 -1 8869 9745 8933 9482 8238 8954 9220 5573 8076 4071 6556 10415 7339 6593 6854 9062 9703 -1 8587 9163 8782 6081 9588 0 8207 7527 9772 7649 8524 13498
2885 6207 6128 6359 6477 -1 5232 6731 7165 2491 4331 6253 5308 3778 6957 5468 7684 8264 6233 -1 4670 7291 6651 7028 8218 8429 3957 6118 5699 3825 3811 6818 5860 2407 1591 5229 6914 -1 6274 6416 7181 3704 7543 1705 0 2264 5084 9354 6912 9066
4260 8157 4334 4095 5765 -1 6808 5777 4901 227 5679 3989 3044 6221 6972 7123 6972 6777 3969 -1 7216 7335 4785 7829 6414 7301 8591 7293 5737 6454 8276 5261 3596 5790 7389 4362 8268 -1 5562 5549 6314 5359 7336 3319 6772 0 7270 8845 6200 9928
1035 4735 1109 1385 3912 -1 3583 5161 3556 2114 2620 2644 4385 3050 3747 3898 4895 3552 3279 -1 3198 4867 4055 4604 5526 4076 2485 2635 4050 3280 3618 6327 2866 2616 119 1188 5256 -1 3709 2375 3140 2134 4626 2714 2031 3578 0 5620 3646 7594
3687 4370 6483 6151 4412 -1 1361 5701 4615 3493 2511 5564 5179 4409 8731 4438 5855 2777 6199 -1 2833 5367 4555 5104 589 4576 5731 1939 1828 2936 2922 6218 3366 2959 3365 5878 5049 -1 4209 5295 1133 2674 6654 3479 3553 3266 5374 0 4146 8844
4779 2526 7190 5290 5504 -1 3761 5822 5857 3655 3422 4945 6271 5501 8934 4559 4714 4068 6781 -1 4124 5077 5647 6196 1880 5668 5934 6089 4228 2001 6238 7129 4053 3484 3568 5776 6848 -1 5301 5877 6642 2795 4445 3682 5369 4241 6486 7212 0 10236
5134 5932 4375 6200 2971 -1 6650 8149 6030 3269 3958 5118 6086 3427 7013 6886 4178 7474 5753 -1 5938 4541 1991 6551 5286 6023 7945 7217 5037 5407 8200 1001 2873 5090 5579 3662 6147 -1 2768 4849 5614 5122 7447 2619 4651 6310 5460 7127 3406 0
6863 6441 8481 2744 6673 4098 3296 3830 1061 4814 5868 -1 3384 2737 9835 4232 1713 7276 5762 5045 6522 5343 3762 6131 3962 5967 7695 -1 4818 2783 6721 2693 4174 5511 4287 5381 3532 4336 6140 5087 3415 7586 6260 5769 4925 4470 3875 2596 1452 19
5643 11938 7152 9104 8276 10582 9233 8765 9542 8116 10821 -1 8323 7347 14442 9843 6080 10578 10148 12101 7844 11848 8017 12636 10640 10842 9805 -1 11178 7789 8441 8427 10165 8960 8528 6703 10423 8703 8499 9454 7782 11888 9641 8825 8157 8626 8814 7602 5819 7931
6553 6226 8837 2529 9805 6743 7496 5772 5261 6419 6943 -1 4042 2522 14035 4017 3397 8881 4378 9245 8130 8382 2543 9170 6607 6874 4116 -1 4603 6755 9018 5655 3767 7142 3880 6989 6177 6478 7824 7612 5099 6199 7821 6756 6046 6620 4533 6796 4584 4219
7077 6655 8894 2958 6887 4312 8348 5915 6228 7234 6082 -1 7337 2951 10049 4446 1927 9696 6208 5259 7449 5557 5029 6345 4176 6181 8895 -1 5032 6430 6935 6084 4388 6449 4501 6308 3746 4550 6354 5301 3629 7800 6474 5983 6667 4684 5348 7177 1666 233
8615 11107 10124 8745 9937 9032 10489 10177 8562 9442 7673 -1 10577 3065 13662 11453 4684 10141 6727 12156 7153 6046 5548 6834 8896 12125 13278 -1 10659 8617 8526 6198 8204 9753 8317 6012 9505 8933 9111 11115 6386 9530 10147 8043 9679 10793 10711 10097 7480 7240
-1 -1 -1 -1 -1 -1 -1 -1 -1 -1 -1 -1 -1 -1 -1 -1 -1 -1 -1 -1 -1 -1 -1 -1 -1 -1 -1 -1 -1 -1 -1 -1 -1 -1 -1 -1 -1 -1 -1 -1 -1 -1 -1 -1 -1 -1 -1 -1 -1 -1
4396 5865 6368 2168 7392 1471 5622 3258 3387 4727 3556 -1 4496 2161 12161 3656 4039 7011 3767 7033 4608 2716 4781 3504 1335 6513 6238 -1 4242 3589 7016 4169 3598 4461 3711 3467 905 1893 3673 6169 5501 5413 3792 4925 3899 3569 4931 4922 3778 2345
4605 3830 6114 4603 7238 5365 6226 3503 3991 5848 5625 -1 3471 4596 10912 4444 4059 8310 5435 6904 6374 6073 6526 6861 5591 5668 8554 -1 6677 2217 3791 3210 6033 5936 2124 5233 5161 4209 7248 5210 5761 7475 2134 1643 2940 344 3962 5526 3798 2365
9951 9529 11569 5832 9761 7186 6384 6918 4149 7902 8956 -1 6472 5825 12923 7320 4801 10364 8850 8133 9610 8431 6850 9219 7050 9055 10783 -1 7906 5871 6173 5781 7262 8599 7375 8469 6620 7424 9228 8175 6503 10674 8072 8857 8013 2726 6963 5684 4540 3107
5784 8500 9556 4231 5594 5522 7055 4622 8362 7261 6744 -1 7143 1901 12264 9031 634 9429 6554 10135 9092 10650 4097 10182 6710 8576 7602 -1 6305 6717 6263 5034 7987 8080 5818 8069 6280 3257 5061 4008 2336 6507 6804 6143 6656 5894 7094 9897 373 6865
8157 4715 8244 1018 8486 5232 7111 4453 4876 7645 5432 -1 7199 1011 14628 2506 3526 9799 6385 8691 6811 6871 6963 7659 5096 5363 9504 -1 3092 5244 7507 4144 2448 5631 2561 5670 4666 5159 7434 6101 5228 6980 6310 5819 4727 7330 5759 6411 3265 6002
9645 10441 11897 6744 9455 8098 7296 7830 5061 8814 9868 -1 7384 5762 13835 8232 4495 11276 9762 9045 10522 9343 7762 10131 7962 8679 11463 -1 8818 6783 7085 6693 8174 8947 8287 9381 7532 7118 8922 7869 6197 10368 8984 9769 8925 3638 7875 6596 4234 4019
8811 11527 10091 1414 11649 7381 9351 5157 9297 8503 7279 -1 9265 7956 16756 9566 6689 10965 7089 10670 9627 11548 8872 8647 7245 5759 10208 -1 3488 7393 12318 9548 8767 6027 8880 9377 6815 5863 8088 10063 8391 9129 9702 6870 9278 9479 6617 8808 6428 7055
8466 5624 9177 5375 8023 6467 8020 4243 5785 7435 6365 -1 8013 4583 12822 6863 3316 9589 6175 8032 6601 8330 6753 9118 6331 6159 9294 -1 7007 2858 8188 4787 2238 6427 2351 5460 5901 4949 7743 6690 5018 8215 6676 2284 4517 7362 5549 7320 3055 3006
4690 4515 6199 4306 7167 5358 4858 3134 2623 3781 5161 -1 1404 3404 11397 5794 759 6243 2802 6607 5492 6669 1623 7457 5222 5050 8185 -1 5898 4345 7488 3678 1129 4625 1242 4351 4792 3840 5186 5581 2461 7018 5320 4118 3408 6032 1895 4158 1946 1581
7789 8766 5817 6312 9532 6158 8757 6951 6522 7929 3005 -1 6988 6305 10979 7800 5281 7517 4273 7488 6748 3222 6000 4010 6022 8410 10520 -1 7053 7101 3858 5281 5380 7160 5493 5607 5592 6580 8360 7281 6211 4862 8479 8003 5011 6125 6043 6914 5020 3587
6639 7804 4820 4107 8036 5123 4659 3977 2424 6177 2008 -1 4747 4100 11198 5595 3076 8639 5909 3390 5751 6706 5003 7467 4987 4312 9028 -1 6181 4146 6864 4056 5537 4580 4789 4610 4557 4683 6641 6284 4778 3865 7444 5423 4014 5833 5046 3959 2815 1382
913 8772 2422 4947 3546 6046 4503 4035 4812 5970 6157 -1 3593 2617 9712 5113 1350 7362 5418 8796 4374 7855 3310 8643 5910 6112 7125 -1 7021 4669 3711 5750 5435 6380 5548 5604 5693 3973 5777 4724 3052 7223 5036 4095 6132 6610 4084 6347 1089 3770
6415 6875 6881 3178 5826 4171 5369 1947 3134 4292 4069 -1 1915 3171 10563 4666 2503 6754 3879 5835 6148 6133 5605 6921 4035 4112 6998 -1 5252 661 5991 4029 4608 4380 4704 6167 3605 2653 5692 4364 4205 5919 578 87 6068 5260 2406 4669 2242 809
-1 -1 -1 -1 -1 -1 -1 -1 -1 -1 -1 -1 -1 -1 -1 -1 -1 -1 -1 -1 -1 -1 -1 -1 -1 -1 -1 -1 -1 -1 -1 -1 -1 -1 -1 -1 -1 -1 -1 -1 -1 -1 -1 -1 -1 -1 -1 -1 -1 -1
4223 7987 7515 4290 4262 4384 3330 3219 4637 1750 4703 -1 3418 3333 10428 5778 2066 4212 5151 6591 1478 6889 1651 7677 4737 6828 7729 -1 6364 4011 4427 4598 4957 2594 2162 337 4877 3925 4655 5440 2371 6560 3289 3437 4328 6016 3909 6172 1805 1565
7001 7441 9481 3744 7673 5098 4296 4830 2061 5814 6868 -1 4384 3737 10835 5232 2713 8276 6762 3027 7522 6343 4762 7131 4962 3949 8695 -1 5818 3783 7721 3693 5174 4217 5287 6381 4532 5336 6278 6087 4415 8586 7260 5060 5925 5470 4875 3596 2452 1019
4532 6682 4998 2985 8209 2288 4258 64 4204 4422 2186 -1 4346 2978 12978 4473 4752 6884 1996 5577 4534 7026 4724 6948 2152 6499 5115 -1 5059 2300 7833 4455 3674 3522 3787 4284 1722 770 3809 6455 5385 4036 4609 3720 4185 4386 2536 5739 4491 3162
5886 7704 6352 3296 7936 3642 4559 1418 2324 6077 3540 -1 4647 4000 10034 5495 2976 7151 3350 3290 5888 2856 1233 3644 3506 4212 6469 -1 5370 3404 6231 3956 5014 4480 5127 5638 3076 2124 5163 3835 4678 5390 49 2830 5539 4966 5138 3859 2715 1282
3101 9214 4610 4982 5238 6460 5574 5463 5961 3994 6947 -1 5662 4805 11900 7186 3538 6456 7395 7999 3722 8297 3895 9085 6916 8300 9313 -1 7056 3667 5899 4305 7128 4838 4406 2581 6486 6161 6899 6305 4615 8804 5533 5681 4035 7424 5067 3480 3277 3809
8665 7672 10174 5520 9449 6874 10068 6291 7833 9483 8413 -1 9899 5513 12611 6743 4489 6423 5918 7821 8649 8119 4739 2916 6738 8207 11142 -1 7594 6878 9497 6835 4286 8475 4399 7508 6308 6997 8916 7863 6191 10263 7975 6304 6565 7246 7597 9044 4228 2795
3964 6680 7101 4765 4975 2728 1916 3932 3223 2463 4813 -1 2004 4046 11141 6253 2779 4925 5204 7207 2191 7426 2364 7388 3323 7541 6315 -1 6839 2597 5140 3815 5195 1180 2875 1050 5590 3150 3241 5485 3084 6670 4002 2023 3545 4826 2495 4758 2518 2181
4369 8173 5878 6503 7002 6898 7959 6052 8268 7065 4840 -1 7049 3083 13168 7991 438 9527 2481 8804 7451 9102 1302 9812 6762 8708 9032 -1 6413 4371 7167 4927 4787 7909 4900 6310 6332 4687 4865 7109 2140 6697 6608 3797 6846 6750 7116 9803 4545 4519
7993 8611 9502 5095 8605 5857 7930 6889 8365 6350 7942 -1 8018 5088 14771 6583 6409 8812 8745 7396 8206 7694 8396 8482 6313 8318 9869 -1 7169 5208 8098 3702 6525 7194 5358 8445 5883 5524 8563 5702 8111 9799 7522 4634 3432 6821 4464 9314 6148 5356
7452 9588 9989 5891 8539 7279 8578 5055 8548 8005 7177 -1 8666 5884 13338 7379 5216 10467 6987 8548 6506 8846 8318 8815 7143 9470 8035 -1 7965 3374 8704 6742 7321 7842 7434 8502 6713 3690 6729 8590 6918 9027 7871 2800 9057 7973 6119 10083 4955 3522
7466 7190 7512 5520 8553 6874 8320 5069 7351 6740 4700 -1 6152 5513 13352 7008 4882 9202 1498 7821 6468 8119 319 8829 6738 7725 8049 -1 5430 3388 7992 3944 3804 7584 3917 5327 6308 3704 6743 8256 6584 6557 7885 2814 6083 7246 6133 8886 4621 3536
5522 7672 5988 3975 9199 3278 5248 1054 5194 5412 3176 -1 5336 3968 13968 5463 5742 7874 2986 6567 5524 8016 5714 4544 3142 7489 6105 -1 6049 3290 8823 5445 4664 4512 4777 5274 2712 1760 4799 7445 6375 5026 5599 4710 5175 5376 3526 6729 5481 4152
3650 6366 8061 6621 9317 7662 7120 5438 6527 5540 5249 -1 5406 6662 14054 6980 5994 8002 7370 7623 7111 8609 6047 9397 7526 7603 4233 -1 8695 4152 9266 5746 8099 6384 4660 7769 7096 6144 2927 7746 7665 6316 4069 3578 5476 6737 5897 8062 5733 4300
9176 8624 8547 8375 9215 8448 8283 7243 8785 6703 5735 -1 8371 6479 15076 7915 6316 9165 1461 11032 6431 9025 282 9813 8312 9159 11974 -1 5393 5858 7955 7787 5238 7547 5351 5290 7882 7949 9087 9690 7324 7592 8131 5284 7517 10362 8549 10320 6055 6006
5287 7455 9464 3758 7341 5094 4282 5539 5589 3235 6652 -1 4370 3751 10849 5246 2727 3934 6527 6059 946 6357 3600 7145 4976 6981 8653 -1 5832 4675 7506 5446 5188 3546 3647 3416 4546 5350 4564 6101 1839 8509 4774 4389 5176 5484 4861 7124 2466 1033
1649 4365 6060 5138 7917 5900 4706 4038 4526 3126 3248 -1 4006 5131 12654 4979 4594 5588 2889 7439 4982 6608 1710 7396 5873 6203 9089 -1 6821 2752 5566 3745 6568 3970 2659 5768 5443 4744 926 3170 5875 5105 2669 2178 3475 5094 4497 6061 2085 2900
6964 9114 7430 5417 10641 4720 6690 2496 6636 7976 4618 -1 6778 5410 14830 6905 6579 9954 4428 8009 6966 9458 7156 9380 4584 8931 7547 -1 1447 4732 10265 6887 6106 5954 6219 6716 4154 3202 6241 8887 7817 6468 7041 6152 6617 6818 7039 6767 6447 5014
-1 -1 -1 -1 -1 -1 -1 -1 -1 -1 -1 -1 -1 -1 -1 -1 -1 -1 -1 -1 -1 -1 -1 -1 -1 -1 -1 -1 -1 -1 -1 -1 -1 -1 -1 -1 -1 -1 -1 -1 -1 -1 -1 -1 -1 -1 -1 -1 -1 -1
4436 5905 4523 2208 7432 1511 5662 3298 3427 4767 1711 -1 4536 2201 12201 3696 4079 7229 5230 7073 4648 6249 4706 6171 1375 6553 6278 -1 4282 1523 7056 3678 3638 4501 3751 3507 945 1933 3713 5678 4608 3259 3832 4965 3408 3609 4440 4962 3818 2385
6849 3178 7785 3951 6730 4713 5574 2851 3339 5196 4973 -1 2819 3944 11467 3792 3407 7658 4783 6252 5722 5421 5874 6209 4939 5016 7902 -1 6025 1565 6078 2558 5381 5284 1472 4581 4509 3557 6596 4558 5109 6823 1482 991 2288 3907 3310 4874 3146 1713
6084 6702 7533 3186 6696 3948 6021 2599 6366 4441 4721 -1 6109 3179 12862 4674 4500 6903 4531 5487 4957 5785 5109 6573 4404 6409 7650 -1 5260 4835 6189 1793 4616 5285 707 3816 3974 3305 6344 3793 5850 6571 5980 4529 1523 4912 2555 7405 4239 5044
5924 5342 7581 1645 8920 2999 7150 4786 4915 6255 4769 -1 6024 1638 12743 3133 4153 8539 5295 3946 6136 4244 6309 5032 2863 4868 7766 -1 3719 5117 5622 4771 3075 5136 3188 4995 2433 3421 5201 6728 5855 6626 5161 4670 5354 3371 6386 5864 3892 3873
5752 5121 3780 2816 6745 4121 5874 5742 3639 4797 968 -1 2420 2809 9907 4304 1785 7259 5142 5117 4711 5415 3963 6203 3985 6039 8483 -1 4890 4456 6793 212 4246 5641 4359 3570 3555 4408 6212 5159 3487 2825 4373 3882 2974 4542 2911 5174 1524 91
4813 9767 6869 7726 10584 7210 10110 7935 7875 8981 4057 -1 6656 7719 15697 9214 6011 10788 8054 10027 7800 10325 1005 11113 7074 10302 11572 -1 9800 7445 9968 6333 6381 8862 6494 6659 6644 7632 9412 8333 7263 5914 9531 6871 6063 9308 7095 9410 7198 5881
5282 9046 8574 4129 5321 6685 5873 5561 3946 4826 5762 -1 5961 4392 11487 6837 3125 5525 3868 7650 2537 7948 2689 8736 6567 7887 9553 -1 6203 5668 5486 5578 6016 5137 5238 1396 6137 5748 6155 6499 3430 7619 6365 5870 6767 7075 6452 5481 2864 2624
6011 8332 9199 4458 3057 5557 4014 4849 5321 6479 6971 -1 4102 2128 9223 8185 861 8941 6781 9305 8335 9524 4324 9805 5421 5623 7829 -1 6532 4180 3222 5261 4946 5891 5059 7553 6507 3484 5288 4235 2563 6734 4547 3606 5643 6121 4593 6856 600 4279
2837 5553 5974 3638 6635 2332 789 4119 2096 3254 4417 -1 877 3631 10870 5126 2748 4053 4077 6080 1065 6299 1255 6992 2196 7002 5188 -1 5712 1470 6754 2688 4068 53 3666 3427 4488 2754 2114 4358 1958 6274 3857 896 2418 4430 1368 3631 2487 1054
3690 7226 5199 3529 5827 2832 6163 3732 4748 4583 4917 -1 5857 1468 12489 5017 2377 7045 4420 6620 4311 4077 3241 4865 2696 7542 7599 -1 5603 4256 6488 2926 4959 5427 1840 3170 2266 3254 5034 4926 4079 6774 5153 5662 2656 4930 3023 4069 3866 3706
4981 7956 3583 4440 7118 3924 7275 5711 5840 5695 771 -1 4754 4433 12411 5928 4289 7502 4945 6741 4514 6477 3766 7265 3788 7663 8286 -1 6514 1289 7443 3047 5870 5576 5983 3373 3358 4346 6126 5047 3977 2628 6245 4801 2777 6022 3809 5360 4028 2595
5311 6211 6989 4976 8863 4279 6249 2055 6195 6413 4177 -1 6337 4969 14969 6464 161 8875 3987 7568 6525 9017 3624 5545 4143 6746 7106 -1 7050 4291 9228 5374 2825 5513 2938 6047 3713 2761 4588 6832 1863 6027 6331 5711 5104 6157 4527 7730 3642 5153
0 9740 5404 6043 6528 5346 6797 3122 7262 5750 5244 -1 6575 5599 12694 7531 4332 6449 5054 8574 3461 8872 2397 9258 5210 9094 8173 -1 8117 3817 6693 4987 6732 6061 6162 5931 4780 3828 6867 7706 4354 7094 7289 3243 7243 7444 6562 8797 4071 3548
6072 0 7581 5245 6694 3939 2396 3926 161 3914 6007 -1 2484 5238 12477 4380 4355 6376 5241 7687 3910 7906 2862 8599 3803 5009 6795 -1 7319 1883 6859 4295 5675 4611 4326 2769 5584 4361 6672 6295 4803 6925 5453 5454 4025 6037 2975 1696 4094 2661
4120 6350 0 4073 7107 5348 4625 5159 2390 3548 5617 -1 1171 4066 11164 2691 3042 6010 5654 6374 4323 6593 4475 7381 5212 7296 4703 -1 6147 4112 7272 4022 4362 4392 3960 3182 4782 5665 3397 6416 4744 6786 4539 4048 5946 5799 1662 3925 2781 1348
7397 10113 8677 0 10235 5967 7937 3743 7883 8101 5865 -1 7851 6542 15342 8152 5275 10563 5675 9256 8213 10705 7458 7233 5831 4345 8794 -1 2074 5979 10904 8134 7353 4613 7466 7963 5401 4449 6674 8649 6977 7715 8288 5456 7864 8065 6215 7394 5014 5641
6458 7337 7793 3640 0 5083 5771 2859 4046 4191 4981 -1 2827 3633 11087 5128 2965 6653 4123 6297 6047 6595 6067 7383 4947 5024 7910 -1 5714 1123 6453 4491 5005 5035 4603 5938 4517 3565 6604 5276 4667 6831 1490 549 6769 5722 2305 5581 2704 1271
4184 6900 4897 3761 8432 0 5555 1787 4244 5402 2085 -1 3025 4242 12306 5737 4896 7864 3719 5562 5828 5128 3505 4660 3875 6484 4767 -1 5835 2603 5545 4361 5397 2990 5194 4687 3445 422 3461 6107 5291 3942 2321 3833 4091 2098 3516 5779 4635 3202
3676 6546 5185 2849 6309 1543 0 3330 1307 2465 3628 -1 88 2842 10081 4337 1959 4927 4670 5291 4321 5510 466 6203 1407 6213 4399 -1 4923 3029 6295 1899 3279 3309 2877 3539 3699 1965 5004 3899 3661 5485 3864 4152 1629 3641 579 2842 1698 265
4468 6618 4934 2921 8145 2224 4194 0 4140 5480 2122 -1 4282 2914 12914 4409 4688 7458 1932 5513 4470 6962 4660 6884 2088 6435 5051 -1 4995 2236 7769 4391 3610 3458 3723 4220 1658 706 3745 6391 5321 3972 4545 3656 4121 4322 4543 5675 4427 3098
5911 7878 7420 5084 8245 3778 2235 5565 0 3753 5846 -1 2323 5077 12316 4219 4194 6215 6853 7526 5461 7745 2701 8438 3642 8448 6634 -1 7158 1722 8410 4134 5514 4450 4165 4320 5934 4200 6511 6134 5896 7703 5292 5293 3864 5876 2814 1535 3933 2500
3628 6344 6765 4241 7426 3123 1580 2304 2887 0 4426 -1 1668 4234 11524 5729 3539 2462 4236 6542 1856 6821 2046 7609 2987 7464 5979 -1 5068 2261 7244 2848 4859 844 412 3521 3962 3010 2905 4848 2749 6276 1539 1687 2578 5221 2159 4422 3278 1845
4784 7185 2812 3669 6527 3153 6504 4940 5069 4924 0 -1 3983 3662 11640 5157 3518 6731 4174 5970 3743 6268 2995 7056 3017 6892 7515 -1 5743 5756 6672 2276 5099 4805 5212 2602 2587 3575 5355 4276 3206 1857 5474 5444 2006 5251 3038 6604 3257 1824
-1 -1 -1 -1 -1 -1 -1 -1 -1 -1 -1 -1 -1 -1 -1 -1 -1 -1 -1 -1 -1 -1 -1 -1 -1 -1 -1 -1 -1 -1 -1 -1 -1 -1 -1 -1 -1 -1 -1 -1 -1 -1 -1 -1 -1 -1 -1 -1 -1 -1
6005 6577 8639 2902 6831 4177 3454 3988 1219 2377 6026 -1 0 2895 9993 4390 1871 4839 4582 5203 4233 5422 3920 6210 4041 6125 7853 -1 4976 2941 6879 2851 3191 3221 2789 5539 3611 4494 5282 5245 3573 5906 3916 4064 4955 4628 491 2754 1610 177
10826 8042 10913 8598 12330 7901 10438 8451 8203 10796 8101 -1 8419 0 17067 9392 9007 13258 10383 11852 11038 11021 7934 11809 7765 10616 12668 -1 10672 7165 11678 3133 10028 10884 7072 9897 7335 8323 10103 9404 10709 9649 7082 6591 7888 8300 8910 9738 5769 7313
1526 8352 2002 6075 7388 5141 4329 4648 4392 4876 6770 -1 3173 5488 0 4693 4221 7338 6580 8376 4604 8595 3923 9383 5736 9298 6705 -1 8149 5010 7553 6024 6364 3593 3908 3463 6306 5354 5399 7595 5497 8620 6415 4436 5958 7239 3664 5927 3960 3350
5651 3659 5738 3423 8647 2726 6055 4513 3820 5982 2926 -1 5751 3416 13416 0 5294 8444 6445 8288 5863 7464 5921 7386 2590 7768 7493 -1 5497 2738 8271 4710 4853 5716 3624 4722 2160 3148 4928 6710 5823 4474 5047 6180 4440 4824 5472 5355 5033 3600
5150 7866 9327 7157 11418 6460 8207 7076 8027 6627 6515 -1 7507 7150 14902 8480 0 9089 6390 10940 8483 10109 3463 10897 6324 9704 9719 -1 9231 6253 9067 7246 8587 7471 5184 8293 5894 6882 4427 6671 1702 8372 6170 5679 6976 8558 7998 9562 5586 6401
5803 5413 7312 2905 6415 3667 5740 2921 3827 4160 5043 -1 4645 2898 11537 4393 3702 0 4853 4793 6016 4359 2736 5147 4123 5715 4719 -1 4979 3800 5908 1512 4335 5004 3707 6255 3693 3627 6461 3512 5404 6802 1552 3226 1242 4631 2274 5362 3958 2785
10005 7163 10159 6914 9562 8006 9559 5782 7324 8974 7347 -1 9552 5018 13615 6454 4855 11128 0 9571 8140 7564 8292 8352 7870 7698 10833 -1 3932 4397 6494 6326 3777 7966 3890 6999 7440 6488 9282 8229 6557 8597 8215 3823 6056 8901 7088 8859 4594 4545
3974 6690 7361 5124 7772 6834 7031 6073 6851 5451 5573 -1 6331 5117 12571 6612 4449 7913 5214 0 5705 7511 3433 5473 6698 922 10014 -1 7198 2105 7891 5473 6554 1190 4984 4564 6268 6779 3251 5495 6151 7430 4704 2033 5800 7206 6822 1918 4188 2755
4341 6509 8518 2812 6741 4166 7398 5769 6082 5818 5706 -1 6698 2805 9903 4300 1781 8280 5581 5113 0 5411 2654 6199 4030 6035 8749 -1 4886 3729 6789 5938 4242 6303 4355 6162 3600 4404 3618 5155 893 7563 5361 4870 6167 4538 4254 6994 1520 87
8386 5544 9097 6100 8196 6387 7940 4163 5705 7355 6285 -1 6596 4503 14666 7505 3236 4295 1051 8401 6521 0 6548 788 6251 6079 9014 -1 4983 5448 7545 4707 2158 6347 2271 5380 5821 4869 7663 6610 4938 8135 5847 4874 4437 7826 5469 7240 2975 5596
9528 12244 8265 9122 9885 8606 11957 10393 10522 10377 5453 -1 9436 9115 16084 10610 8900 12184 9627 11423 9196 11721 0 12509 8470 12345 12968 -1 10836 10631 8963 7729 10552 10258 10538 8055 8040 9028 8805 9729 8659 7310 10548 10057 7459 10704 8491 12057 8639 7206
7598 4756 8309 5312 7408 5599 7152 3375 4917 6567 5497 -1 7145 3715 14078 6800 2448 3507 5307 7613 5733 7480 5885 0 5463 5291 8226 -1 6139 5611 8077 3919 1370 5559 1483 4592 5033 4081 6875 5822 4150 7347 5059 5317 3649 7038 4681 6452 2187 5820
4320 7036 5033 3721 6057 136 4287 1923 2052 3545 2221 -1 3161 3714 10826 5209 2704 6007 3855 5698 3273 5264 3446 4796 0 6620 4903 -1 4507 2739 5681 3684 3951 3126 3957 2132 2458 558 3597 6078 4166 4078 2457 3969 4227 2234 3652 3587 2443 1010
3052 5768 7463 4202 6850 5912 6109 5441 5929 4529 4651 -1 5409 4195 11649 5690 3527 6991 4292 6859 4783 7157 3113 4551 5776 0 10492 -1 6276 1685 6969 5053 5632 268 4062 3642 5346 6147 2329 4573 5229 6508 4072 1111 4878 6284 5900 7464 3266 1833
2437 7411 7841 2388 7405 4657 6249 5559 7165 5150 6742 -1 6337 3888 13072 5383 5209 7048 5187 6196 4060 6494 4008 7282 5113 6733 0 -1 4462 6244 5951 2502 5325 5994 5438 6530 4683 5079 6119 4502 3432 2083 6689 5670 2232 2504 3264 8114 4948 4147
-1 -1 -1 -1 -1 -1 -1 -1 -1 -1 -1 -1 -1 -1 -1 -1 -1 -1 -1 -1 -1 -1 -1 -1 -1 -1 -1 -1 -1 -1 -1 -1 -1 -1 -1 -1 -1 -1 -1 -1 -1 -1 -1 -1 -1 -1 -1 -1 -1 -1
9063 8888 10572 6292 10221 7646 9231 7507 6996 8154 9416 -1 5777 6285 13383 7780 5132 10616 7175 8593 9480 8891 5996 9679 7510 9423 12229 -1 0 5507 10269 8051 5502 8998 5615 8724 7080 7884 9559 8635 6834 11134 9693 8491 7781 8018 6268 5320 5000 3567
8908 7989 6936 5972 9901 7277 8084 7402 5849 7953 4124 -1 5576 5965 13063 7460 4941 10415 8298 6815 7867 8571 7119 9359 7141 7737 10017 -1 8046 0 9949 3368 7402 8005 7515 6726 6711 7564 9368 8315 6643 5981 7529 7038 6130 7698 6067 7384 4680 3247
6086 8802 8027 5360 6723 4236 7287 3093 5828 7451 5215 -1 7261 3030 7121 7502 1763 9913 5025 8606 7373 9364 5226 6583 4100 9446 8001 -1 7434 4719 0 6163 6703 3302 6816 6232 4751 3799 5363 5137 3465 7065 6557 4145 7214 4405 5565 7363 1502 4786
9679 4909 8637 6781 9560 7543 7305 5681 5070 7891 5825 -1 5649 6774 14297 6622 6237 10353 7613 9082 8552 8251 7771 9039 7769 7846 10732 -1 8855 4395 8614 0 8211 8114 4302 7411 7339 6387 9426 7388 7939 7682 4312 3821 5118 5167 6140 6605 5976 4543
6228 3386 6939 3942 6038 4229 5782 2005 3547 5197 4127 -1 5775 2345 12708 5430 1078 7351 3937 6243 4363 6541 4515 7329 4093 3921 7056 -1 4769 4241 6707 2549 0 4189 113 3222 3663 2711 5505 4452 2780 5977 4438 3947 2279 5668 3311 5082 817 4450
2784 5500 7195 3934 6582 5644 5841 5173 5661 4261 4383 -1 5141 3927 11381 5422 3259 6723 4024 6591 4515 6889 2845 7677 5508 7338 10224 -1 6008 1417 6701 4785 5364 0 3794 3374 5078 5879 2061 4305 4961 6240 3804 843 4610 6016 5632 7196 2998 1565
6360 7345 6826 3829 7034 4116 6086 1892 5659 5084 4014 -1 6174 3822 13200 5317 4838 7238 3824 6130 4250 6428 4402 7216 3980 7052 6943 -1 4656 4128 6832 2436 5259 5350 0 3109 3550 2598 5637 4436 5143 5864 6437 5548 2166 5555 3198 7194 4577 4337
3886 7650 7178 3953 3925 5289 4477 5717 5784 3430 4366 -1 4565 2996 10091 5441 1729 4129 6722 6254 1141 6552 1314 7340 5171 6491 8157 -1 6027 4870 4090 5641 4620 3741 3842 0 4741 4352 4759 5103 2034 6223 4969 4474 5371 5679 5056 7319 1468 1228
3491 4960 5463 1263 6487 566 4717 2353 2482 3822 2651 -1 3591 1256 11256 2751 3134 6284 4285 6128 3703 5694 3876 5226 430 5608 5333 -1 3337 3169 6111 4114 2693 3556 2806 2562 0 988 2768 6346 4596 4508 2887 4020 4657 2664 4082 4017 2873 1440
3762 6478 6299 4286 8737 3589 5559 1365 5505 5652 3487 -1 5518 4279 14166 5774 6053 8114 3297 6878 5835 8327 6025 7560 3453 7715 4345 -1 6360 3601 8902 5756 4975 4823 4772 4812 3023 0 3039 7756 6686 5337 4181 3690 5486 5687 3837 7040 5792 4412
723 3439 5134 4212 6991 4974 5835 3112 3600 5457 2322 -1 3080 4205 11728 4053 3668 7172 5044 6513 4184 5682 3120 6470 5200 5277 8163 -1 6286 1826 6339 2819 5642 5545 1733 4842 4770 3818 0 4819 5077 4179 1743 1252 2549 4168 3571 5135 3407 1974
5764 7233 5851 3536 8760 2839 6705 2511 4755 6095 3039 -1 5864 3529 9517 5024 4159 5421 4443 8024 5976 7577 6034 7499 2703 7881 7562 -1 5610 2851 2396 5006 4966 5698 5079 4835 2273 3217 5041 0 5861 4587 5160 6167 4736 4937 5768 6290 3898 3713
3448 6164 7625 5455 9716 4758 6505 5374 6325 4925 4813 -1 5805 5448 13200 6778 6393 7387 4688 9238 6781 8407 1761 9195 4622 8002 8017 -1 7529 4551 7365 5544 6885 5769 3482 6591 4192 5180 2725 4969 0 6670 4468 3977 5274 6856 6296 7860 3884 4699
2927 5328 6219 1812 5322 2574 4647 4361 5082 3067 4659 -1 4735 1805 11488 3300 3126 5529 5108 4113 4923 4411 3110 5199 3030 5035 7341 -1 3886 4161 4815 419 3242 3911 3355 5162 2600 2996 4074 2419 1349 0 4606 3587 149 3538 1181 6031 2865 4040
5837 7987 6303 4290 9514 3593 5563 1369 5250 6849 3491 -1 5651 4283 9985 5778 5902 8827 3301 6882 5839 8331 6029 8253 3457 7804 6420 -1 6364 3605 6182 5760 4979 4827 5092 5589 3027 2075 5114 3786 6690 5341 0 5025 5490 5691 5912 6785 5641 4208
7566 6788 7510 3091 5739 4801 6696 6404 5748 7723 4698 -1 6150 3084 10538 4579 2416 10185 6697 5748 7938 6046 5518 6834 4665 6670 9384 -1 5165 574 5904 3942 4521 6938 4634 6797 4235 5039 6843 5790 4118 6555 6963 0 6704 5173 5837 7283 2155 722
4561 5179 6070 1663 5173 2425 4498 4212 4933 2918 4510 -1 4586 1656 11339 3151 2977 5380 5313 3964 4774 4262 4964 5050 2881 4886 7192 -1 3737 4012 4666 270 3093 3762 3206 5013 2451 2847 5219 2270 4679 6367 4457 3438 0 3389 1032 5882 2716 3891
9533 12249 11474 7605 10170 7683 10734 6540 9275 10898 8662 -1 10708 6477 10568 10949 5210 12803 8472 10734 10820 10300 8673 10030 7547 11656 11448 -1 9679 8166 3447 9610 10150 6749 10263 9679 8198 7246 8810 7382 6912 10512 7493 7592 10661 0 9012 10810 3747 8233
5514 6086 8583 4383 8738 3686 3466 4190 4027 1886 5771 -1 3554 4376 12801 5871 3778 4348 5982 8011 3742 4931 3932 5719 3550 6621 7865 -1 6457 4147 9130 4734 2700 2730 2298 5407 3120 4108 4791 6734 4635 7628 3425 3573 4464 5784 0 5562 3517 2985
5914 8176 6892 4840 9839 7464 8271 7589 6036 7391 4311 -1 5763 5920 13250 7647 3275 9853 5318 7002 8054 8758 4139 9546 7328 7924 10204 -1 6914 187 9831 3555 7589 8192 6924 6913 6898 7524 5191 7435 4977 6168 6934 6443 6317 7885 6254 0 4867 3434
9399 9007 9486 3858 12135 6474 10340 6146 8390 9730 6674 -1 8648 5531 13152 8659 7794 9056 8078 11659 9351 11212 9524 11091 6338 8203 11197 -1 5932 6486 6031 8387 8601 8471 7301 8210 5908 6852 8676 3635 9496 8222 7311 6820 8117 5521 9061 9925 0 7348
6844 6422 8661 2725 6654 4079 8115 5682 5995 7001 5849 -1 7104 2718 9816 4213 1694 9463 5975 5026 7216 5324 4796 6112 3943 5948 8662 -1 4799 6197 6702 5851 4155 6216 4268 6075 3513 4317 6121 5068 3396 7567 6241 5750 6434 4451 5115 6944 1433 0
6201 5596 7052 3732 4038 -1 6156 7655 7500 3698 5025 7397 6515 4494 6644 6392 5245 2982 7431 -1 5594 5608 5129 7618 6353 7090 4881 6965 6623 443 7948 8168 3940 6939 2515 6153 7838 -1 3835 7128 7893 4628 4775 1392 7190 3471 6008 6963 4473 9990
2642 5681 2716 5943 4842 -1 5190 6768 6975 3721 4227 7202 6286 4657 5354 5505 5308 5159 7606 -1 4144 5671 3862 6211 4433 5683 3431 4533 5657 5198 5184 7934 4473 3780 2964 5746 6863 -1 4639 6933 7297 3741 5039 3078 1373 3637 4558 7227 5253 9314
1329 5541 4945 4537 4109 -1 3877 5455 4839 2408 3055 3927 5225 3344 7583 4192 7282 7102 3961 -1 6373 7645 5095 7513 6662 7092 5660 4842 4344 4563 5597 6762 470 4193 3377 5527 7169 -1 3906 3658 4423 2428 7268 3491 1786 4050 4339 8636 4846 9551
6822 5249 6063 5408 4659 -1 8249 9748 8116 4641 5646 7204 7458 5115 6447 8485 5866 9162 7839 -1 7626 6229 3679 8239 6974 7711 9633 6768 8716 7095 7751 2689 4561 7176 7267 5748 8891 -1 4456 6935 7700 6721 9135 7733 6591 7682 7148 8815 5094 8650
2985 5100 6091 1038 3775 -1 3879 5378 7211 2331 2622 6299 5148 4231 8729 4115 4548 5545 912 -1 5601 4911 4866 7355 3357 6827 7316 4765 4346 5762 5748 6329 3677 5785 5101 6170 7812 -1 3572 6030 6795 2351 4279 5423 6316 3231 4982 7497 4210 9329
3183 3840 4107 4322 2703 -1 5075 7136 3036 4262 3231 3600 2347 3159 6745 5873 3910 5382 4025 -1 5438 2535 1723 2272 3194 1744 7248 6696 5542 3315 6164 4010 534 4798 4882 4125 6935 -1 2500 3722 4487 4109 5759 4996 3838 5555 5192 6719 1314 8050
246 4458 320 4641 3123 -1 2794 4372 4579 1325 1831 4998 3890 2261 2958 3109 5453 2763 5568 -1 3202 4078 3266 3815 4737 3287 4577 3279 3261 4119 4262 5538 2077 3237 3375 4444 4467 -1 2920 4729 5494 1345 6185 3848 4590 3252 3256 4831 2857 8468
3079 3877 4391 4145 916 -1 5112 7166 4378 4054 1903 4275 4571 1372 7029 5552 2123 5419 4309 -1 3883 2486 2007 4496 3231 3968 5890 5162 5579 3352 6145 5046 818 4835 3524 4593 5148 -1 713 4006 4771 4139 5392 4529 4122 5088 3405 5072 1351 10274
2481 5520 2555 5782 5358 -1 5029 6607 6814 3560 4066 7041 6125 4496 5193 5344 5147 4998 7676 -1 3983 5510 5501 6050 4272 5522 3270 4372 5496 5369 5355 7773 4312 5392 4515 5585 6702 -1 5155 6772 7136 3580 4878 4629 5878 5188 4397 7066 5092 9756
1826 1993 1900 2176 3220 -1 4124 5623 4347 2905 3223 3435 5176 3676 4538 4360 4427 4343 4070 -1 3745 4228 4311 3965 5535 4867 3276 3426 4591 4071 4409 5703 3122 3407 910 1979 3621 -1 3017 3166 3931 2596 5417 3505 2125 4369 791 6411 3655 6003
4008 1755 6824 5933 4733 -1 3552 5051 5524 2884 2651 4612 5500 4730 8163 3788 7063 5654 6010 -1 4812 5688 4876 5425 5877 4897 5163 5318 4019 5227 5467 6358 3282 2713 2797 5005 6077 -1 4530 5106 5871 2024 7133 2911 4598 3470 5715 6441 4467 10272
-1 -1 -1 -1 -1 -1 -1 -1 -1 -1 -1 -1 -1 -1 -1 -1 -1 -1 -1 -1 -1 -1 -1 -1 -1 -1 -1 -1 -1 -1 -1 -1 -1 -1 -1 -1 -1 -1 -1 -1 -1 -1 -1 -1 -1 -1 -1 -1 -1 -1
158 4370 3774 4553 4904 -1 2706 4284 6117 1237 1884 5205 4054 2173 6412 3021 6111 6217 5840 -1 5202 6474 3924 6342 5491 5921 4489 3671 3173 4668 4654 5591 4606 4691 3287 4356 5998 -1 4701 4936 5701 1257 6097 4329 4502 4278 3168 7465 5339 8380
8577 8811 10758 7080 6593 -1 9434 10933 6781 8373 7580 5869 8213 9478 13396 9152 9052 11398 6504 -1 9560 9415 9624 10173 9210 9645 11412 10807 9901 7132 11790 11287 8435 10814 10092 12019 10281 -1 6390 5600 6365 7906 7990 10206 8785 9273 11587 11189 7330 14076
3331 1770 4649 4925 5564 -1 5879 7457 6841 3587 5057 5929 6404 5346 7287 6194 6771 4508 5963 -1 3126 7134 6281 7413 5892 6885 2413 6175 6346 1969 7158 8764 2472 6156 3658 4728 7117 -1 5361 5660 6425 4430 6301 2918 3788 4331 3540 8489 5999 9576
3581 4681 6375 6669 1418 -1 5916 7485 5762 4660 2405 5458 5073 4303 9013 6054 6163 6223 6093 -1 4385 5261 4449 4998 4035 4470 7090 5664 6383 4156 6647 6112 3260 5639 4917 6851 5650 -1 1215 5189 2917 4458 5894 5031 5032 5590 6773 6014 2155 10628
7315 8270 8527 6168 7992 -1 8522 8540 5869 7461 6139 4957 8030 7929 7710 8758 9199 8132 5592 -1 8119 8995 8183 8732 7858 8204 9903 8031 4876 5593 9014 9846 6994 4929 7537 3501 8393 -1 7789 4688 5453 6994 9409 2458 6897 8361 7418 9748 5978 12188
2766 5002 603 3715 3837 -1 2788 4287 3416 3585 1887 2504 3385 4293 3241 3024 5044 4890 3139 -1 5918 1766 4231 1503 6152 5411 7097 3562 3255 3767 4545 3241 3739 3520 5070 6139 6916 -1 3634 2235 3000 1260 6369 6160 5420 3358 4951 7547 4272 3541
8488 8374 9879 4312 6698 -1 7153 8557 7331 4221 5896 6829 7038 1539 8305 4342 7822 9704 7637 -1 9665 8185 7789 10278 9013 9512 9560 8039 7620 9036 9022 8533 6600 8010 7194 8356 7099 -1 6495 9156 9371 5625 7553 7308 5603 6505 9187 10771 7133 10894
5918 209 7351 2522 5268 -1 5363 6862 4693 3815 4106 3781 6537 6753 9989 5599 5530 4939 4416 -1 6575 4918 7218 4655 4331 8578 7125 4755 5830 4417 5738 6228 5781 3753 4759 2325 8193 -1 6786 3512 4277 3835 5261 4873 3168 4715 6242 8479 4802 5227
5021 5322 7718 5359 5718 -1 2695 4194 5060 1147 1794 4148 3320 5743 6901 2931 7154 7037 4783 -1 5825 6701 5705 6438 7049 5910 8723 3581 3162 4578 4564 5501 4516 4120 6357 2692 4377 -1 5515 3879 4644 1167 6885 1649 6068 4188 6609 7454 5169 10340
6754 8040 4898 5363 5079 -1 5983 7482 7711 2602 5082 6799 5419 2590 7536 5046 6286 8085 6018 -1 8046 6061 6170 5798 7394 7893 7941 6720 6450 6243 6229 7536 4981 6266 5575 6737 5480 -1 4876 6530 7295 4455 8604 5689 3984 5643 7568 9235 5514 7836
9461 7208 12277 6973 10186 -1 9005 10504 10247 8266 8104 9335 10953 10183 13616 9241 12516 11107 9970 -1 10265 11141 10329 10878 11330 10350 10616 10700 9472 9971 10920 11002 8735 8166 8250 10458 11530 -1 9983 9066 9831 7477 12586 8364 10051 8923 11168 11894 9920 15725
6081 7252 4110 5806 4291 -1 5195 6694 6923 1814 4294 6011 4631 4747 6748 4258 5498 7297 5230 -1 7258 5273 5382 5010 6606 7105 7153 5932 5662 6727 6915 6748 4193 5603 4787 5949 4692 -1 4088 5742 6507 3667 8767 4901 3196 4855 6780 8447 4726 7048
991 3332 4243 4458 1716 -1 3618 5117 3172 2070 2703 3736 2483 1713 6881 3854 4046 5518 4161 -1 1795 2671 1859 2408 3330 1880 4693 4504 4085 3451 5487 4146 670 4934 2327 4261 3060 -1 1513 3858 4557 2090 5895 2441 3974 3000 4336 3424 1450 8186
5131 5662 6429 1600 5455 -1 4441 5940 3771 2893 3184 2859 5710 5831 9067 4677 5110 6034 3494 -1 6916 5473 6296 8184 5760 7656 6203 5327 4908 3495 6057 5306 6259 2831 3837 1403 7271 -1 5901 2590 3355 2913 4841 3951 2246 3793 5320 8059 3880 4305
6104 6405 6569 6159 6033 -1 3778 5277 5750 4575 2877 4838 974 5255 8835 4014 7682 5419 6236 -1 6193 7192 6067 6929 7851 6401 5480 7641 4245 2880 3689 5077 5191 3726 3114 5231 8173 -1 5830 5332 6097 2250 7212 3829 7151 4348 5941 8537 5971 10589
-1 -1 -1 -1 -1 -1 -1 -1 -1 -1 -1 -1 -1 -1 -1 -1 -1 -1 -1 -1 -1 -1 -1 -1 -1 -1 -1 -1 -1 -1 -1 -1 -1 -1 -1 -1 -1 -1 -1 -1 -1 -1 -1 -1 -1 -1 -1 -1 -1 -1
5935 8802 9551 3334 8423 -1 6175 7674 9507 4627 5274 8595 7444 7243 4373 6411 7826 8150 9230 -1 9305 8189 8337 9918 10738 9390 10266 4694 6642 5691 5677 8981 7996 5714 8534 8633 8824 -1 8220 8326 9091 4647 8663 7501 7328 7668 8945 10775 8858 12619
4788 3977 5901 7527 7240 -1 5855 7354 7379 4307 4954 6467 7124 7749 8539 6091 3425 8707 6951 -1 8936 3788 7338 9549 6963 9021 9119 6741 6322 7730 7724 6348 7406 6837 6921 8442 10201 -1 7037 6198 6963 4327 3156 7035 8722 7348 8744 6374 7977 12042
4767 5512 3885 4634 4009 -1 7394 6679 1679 1129 4996 767 3946 4465 6523 7630 5216 8512 6528 -1 5895 5579 3029 6508 6324 5980 8793 6844 6639 6445 7827 2039 3911 5865 6427 4437 7160 -1 3806 5624 6389 5866 7875 4221 5280 4170 6498 7524 4444 10700
5807 5678 7625 4310 6597 -1 6664 8163 4011 5603 5763 3099 8420 7053 10263 6019 5919 8766 3734 -1 9053 6282 7688 9815 8912 9287 8340 8037 7131 4362 9020 8842 6499 8422 7606 9249 7511 -1 6394 2830 3595 5136 4857 7720 6015 6503 8682 8868 7032 11306
4711 5882 6102 4436 2921 -1 3825 5324 6383 444 2924 5648 3261 3377 8740 4061 4128 5927 3860 -1 5888 4491 4012 6501 5236 5735 5783 7167 4292 5357 5637 6631 2823 4233 3417 4579 3322 -1 2718 5379 6144 2297 7397 3531 1826 3485 5410 7077 3356 7117
4863 5394 6161 1332 5187 -1 4173 5672 3503 2625 2916 2591 5442 5563 8799 4409 4842 5766 3226 -1 6648 5205 7180 7916 5492 7388 5935 5059 4640 3227 5789 6623 5991 2563 3569 1135 7003 -1 5633 2322 3087 2645 4573 3683 1978 3525 5052 7791 3612 10264
4598 5769 6283 6037 2808 -1 3712 5211 6270 4204 2811 5535 6463 3264 8670 3948 4015 5814 6170 -1 5775 4378 3899 6388 5123 5860 5670 7054 4179 5244 5524 6518 2710 4120 3304 6485 3209 -1 2605 5266 6031 2184 7284 3418 1713 3977 5297 6964 3243 7004
4723 4811 4732 4963 6633 -1 3836 5335 5769 1095 2935 4857 3912 2382 5561 4072 7840 6868 4837 -1 3274 5895 5653 5632 7282 7033 2561 4722 4303 4329 5705 6129 4464 5261 195 3833 5518 -1 6430 5020 5785 2308 8026 309 5555 868 3688 7958 6310 7670
1421 3762 4673 4509 2146 -1 4048 5547 3602 2500 245 3298 2913 2143 7311 3894 4476 5948 3933 -1 2225 3101 2289 2838 3760 2310 5123 4934 4515 3881 5917 3952 1100 5364 2757 4691 3490 -1 1943 3029 3794 2520 6156 2871 4404 3430 4613 3854 1880 8616
4444 5242 3685 4179 2281 -1 6052 8519 3672 5419 3268 3569 5319 2737 6323 6917 3488 6744 3603 -1 5248 3851 1301 5861 4596 5333 7255 6527 6519 4205 7227 6411 112 5823 4889 5958 6513 -1 2078 3300 4065 5492 6757 5121 3416 5680 4770 6437 2716 11639
3238 4077 6155 1741 4028 -1 4095 5594 1442 3034 3194 530 5851 4484 7367 4331 5235 3705 1165 -1 5675 5598 5119 7246 3431 6718 5604 5468 4562 1166 6451 6901 3930 5035 3238 6680 4942 -1 3825 261 1026 2567 4982 2115 3446 3934 6248 7686 1551 8737
3694 4794 6024 6656 1531 -1 6029 7781 4075 3525 2518 3163 5186 3883 8662 6167 4634 6336 6206 -1 4498 4997 4518 5111 4148 4583 7396 5777 6496 4269 6760 4435 3329 5752 5030 6833 5763 -1 1328 5302 6067 4754 6007 5144 6147 5703 5916 6127 2268 8962
5613 6568 6825 4466 6290 -1 6820 6838 4167 5759 4437 3255 6328 6227 6008 7056 7497 6430 3890 -1 6417 7293 6481 7030 6156 6502 8201 6329 7287 3891 7312 8144 5292 3227 5835 1799 6691 -1 6087 2986 3751 5292 7707 756 5195 6659 5716 8046 4276 10486
4021 4322 4967 4076 3950 -1 1695 3194 3667 2492 794 2755 4921 4743 7357 1931 6338 3797 4153 -1 4825 5109 4297 4846 5768 4318 6343 6493 2162 3370 3610 4501 3108 3647 3977 3148 6090 -1 3747 3249 4014 167 5276 2105 5068 2265 3858 6454 3888 9070
4189 5246 5760 5514 2285 -1 6481 8315 5747 5268 3272 5644 5940 2741 8398 6921 3492 6788 5678 -1 5252 3855 3376 5865 4600 5337 7259 6531 6948 4721 7514 6415 2187 6204 4893 5962 6517 -1 2082 5375 6140 5288 6761 5898 5491 6457 4774 6441 2720 11643
4687 4551 6475 489 5997 -1 3330 4829 6662 1782 2073 5750 4599 6378 9113 3566 3999 7672 6385 -1 6460 4362 6340 7073 7537 6545 9018 4216 3797 5213 5199 5780 5151 5236 6992 5917 7725 -1 5794 5481 6246 1802 3730 4874 6347 2682 8514 6948 6115 10975
3872 4173 4818 3927 3801 -1 1546 3045 4281 2343 645 3369 4772 4594 7456 1782 6189 3648 4004 -1 4676 4960 4148 4697 5619 4169 6194 6344 2013 3847 7327 4352 2959 6325 3828 4897 5941 -1 3598 3100 3865 18 5127 5322 4919 2116 3709 6305 3739 8921
8214 8959 7332 8081 7456 -1 10841 8924 5126 4576 8443 4214 6191 7912 9970 11077 8663 11959 9975 -1 9342 7707 6476 7444 9771 9427 12240 10291 10086 9892 11274 5486 7358 9312 9874 7884 10607 -1 7253 9071 9836 9313 11322 7668 8727 7617 9945 10971 7891 13222
2966 3879 3786 4062 5106 -1 2215 7092 6233 3144 3365 5321 5961 5263 6424 5829 6313 6229 5956 -1 5345 6114 5409 5851 6880 5430 5162 5312 2682 4516 6295 7072 4220 5293 2796 3865 5507 -1 4903 5052 5817 4065 7303 5391 4011 6185 2677 6974 5000 7889
4975 4164 6088 6932 7427 -1 6042 7541 6633 4494 5141 5721 7311 5386 8726 6278 3612 6293 6356 -1 6993 3975 7525 9736 7150 9208 9306 2837 6509 3834 3820 6535 7362 3857 7108 4265 10133 -1 7224 5452 6217 4514 3343 5644 8637 6782 8182 6561 6742 12229
7329 8429 9659 7309 5166 -1 9663 5177 7010 7160 6153 6098 2444 7518 10305 9802 8269 8869 6733 -1 8133 8632 7537 8746 7783 8218 10771 8614 10130 7361 9597 6547 6964 9387 8405 9606 8722 -1 4963 5829 6594 8135 9642 8519 9014 9078 9551 9762 5903 12508
4934 5235 8002 6198 5631 -1 2608 4107 5940 1060 1707 5028 3877 5656 9172 2844 7372 6950 5663 -1 5738 6614 5618 6351 7273 5823 8636 3494 3075 4491 4477 5414 4429 4514 6270 5195 7003 -1 5428 4759 5524 1080 7618 4152 5981 4101 7792 7367 5393 10253
