50
3067 7309 5058 2799 5669 6276 2836 1337 2607 5983 6361 2612 4945 5147 7307 5771 6333 7129 7644 7486 4531 -1 3370 2740 6890 -1 1960 3325 8126 5016 7890 6041 3999 2903 7523 5690 3461 7384 5045 -1 5596 4591 7199 6263 6299 3074 4632 955 7838 5480
1748 8842 3265 5683 5178 6354 3453 7278 2413 5327 4367 1077 2674 3939 7348 7450 6161 4806 2656 6010 4377 5241 4578 -1 2988 2362 6235 6624 5323 5592 3950 6278 5878 4447 5923 5840 5720 3894 6254 9160 4799 8847 2030 6839 1127 5200 8146 4828 -1 1866
9623 6973 8997 9093 10062 8116 9662 6767 8039 8133 6872 7172 8743 8330 9421 8408 7783 7025 8500 6668 6008 -1 8721 7044 7647 -1 7281 4779 7384 7538 7215 8709 11990 9611 8198 10034 11690 8730 8483 -1 10825 9097 8118 10716 5878 10673 10109 7149 9538 7018
6356 12615 9249 7036 6919 14399 8334 7549 8802 8295 7127 7817 9763 10662 7345 9592 8187 9138 11647 7612 7893 7506 9673 -1 5116 6532 5862 9488 5216 9282 8320 6469 7869 9259 7605 9881 7860 11065 6062 5122 7288 9944 10057 8033 6977 9258 6008 7624 -1 6238
0 5647 6207 5686 4380 4021 5940 5323 5505 5772 8015 5036 3656 6826 6018 2880 4440 6510 4753 6867 5280 -1 11276 5046 4819 -1 4847 4844 6703 4670 7447 3707 4760 6000 7860 6149 5364 5958 7943 -1 4830 5230 4348 4720 3964 7060 3089 5317 7219 7236
3846 0 7358 4923 5531 3258 5268 4607 4742 7090 7400 4273 4949 7012 2393 6726 3691 7149 3990 7368 5466 -1 9722 4401 4056 -1 4084 5714 8006 3907 6832 3893 3997 5385 9657 8122 1241 6144 5881 -1 6261 4595 3585 5181 3215 6344 5988 4554 7720 6473
3960 7254 0 7675 6562 7805 3729 2230 5369 6876 7254 3505 5838 6970 4672 6664 5565 8022 8320 8379 5424 -1 8183 3633 5462 -1 6836 4218 9090 5909 8675 4935 4892 3796 8416 6583 4354 4158 4834 -1 6489 5484 8092 7156 5089 3967 5525 5831 8731 6373
3839 6469 6036 0 3400 4843 3825 2704 5957 5187 7728 3979 3485 2348 5847 3702 4225 6295 5575 6652 5520 -1 8657 4107 5612 -1 2159 4314 6103 5492 8269 4427 5366 4796 8682 5848 3672 6678 7456 -1 5652 5015 5170 5542 3749 4441 3911 2848 7004 6469
439 6086 6646 1728 0 4460 5553 4432 5944 6211 8454 5475 4095 4076 6457 3319 4879 6949 5192 7306 5719 -1 10363 4490 5258 -1 3887 5283 7142 5109 7886 4146 5199 6439 8299 6588 1392 6397 6467 -1 5269 5669 4787 5159 4403 6169 3528 4576 7658 7675
3079 6469 4681 3757 2854 0 2848 1349 4602 3832 4764 1015 2130 6089 4492 5959 4182 4427 7019 4784 4543 -1 7302 1143 5293 -1 2918 3337 4748 649 6293 4384 739 3561 7676 5702 1864 6635 6693 -1 5608 2994 4909 6275 4702 3086 4644 1913 5136 5492
231 5878 6438 4891 4611 4252 0 3429 5736 6003 8246 4704 3887 5200 6249 3111 4671 6741 4984 7098 3654 -1 9382 4832 5050 -1 4052 4883 6934 4901 7678 3938 4991 4995 8091 6380 3738 4548 7827 -1 2760 5461 4579 4951 4195 5166 3320 3047 7450 2644
1730 7049 3721 6060 4332 5751 1499 0 3253 4646 5024 1275 3608 4740 5970 4610 4996 5792 6483 6149 3194 -1 5953 1403 5553 -1 5257 1988 8127 3679 6553 4704 2662 4662 6327 4353 2124 6047 5691 -1 4259 3254 6078 4926 4962 1737 3295 4546 6501 4143
4930 6131 6155 5178 6523 3669 4699 4154 0 6473 4106 3749 5799 7526 8161 5524 6823 8096 7397 6190 6394 -1 8698 3877 7378 -1 4339 5188 6155 4318 8995 6351 4408 6495 10383 5813 4598 4876 2438 -1 6582 5728 6907 7364 6608 4171 5733 4547 6542 6466
3617 6317 7222 6451 4723 5036 3386 4462 6520 0 7742 4361 4671 3671 7033 3895 350 7525 5768 7882 2125 -1 10313 4489 5834 -1 5862 3354 7718 5509 8462 552 5748 6028 8310 6599 2209 2803 8958 -1 2920 4763 5363 3686 3383 6199 2500 6332 5726 6030
1835 2025 5819 4767 3992 1138 1604 2487 5740 4970 0 2153 3268 4845 4418 4715 5320 5565 6015 5922 3299 -1 8440 2281 6081 -1 3928 2093 5886 1787 4889 5522 1877 4699 8814 6840 1451 6152 5235 -1 4364 4132 5610 5031 5240 4224 3400 3051 6274 4248
2135 5774 4126 4785 3057 4887 1904 405 3658 5051 3749 0 2333 5145 4695 5015 4302 5228 6004 5585 3599 -1 6358 128 4278 -1 3982 2393 7392 2404 5278 3751 1387 3831 6732 4758 849 6002 6096 -1 4664 1979 5710 5331 3687 2142 3700 4471 5937 4548
1163 4339 2551 2452 724 5184 3475 2746 4534 6681 7770 4021 0 4800 2362 4043 5603 2895 5916 3252 5170 -1 8699 4149 3848 -1 1809 3964 7866 5833 7158 3952 5408 5343 5652 6623 2116 6203 6972 -1 4140 3971 3377 5150 5127 4483 3998 3395 3604 5314
1491 4121 4681 2780 1052 2495 4414 3797 3979 4246 6489 3510 2130 0 4492 1354 2928 5025 3227 5382 3754 -1 9750 3520 3293 -1 3321 4951 5177 3144 5921 2181 3234 4474 6334 4623 2444 4432 6417 -1 3304 3832 2822 3194 2452 5534 1563 3791 5734 5710
5970 9616 7828 7100 6001 9676 7137 5638 6395 8121 9096 6913 5277 7181 0 8535 8321 4756 10023 4975 8070 -1 11591 7041 5709 -1 6261 6864 7691 9317 9019 7111 8300 7204 10929 8346 7393 9079 8833 -1 7291 4923 5238 2788 3543 7375 5721 5256 5327 7175
1939 5115 3327 3228 1500 4710 3060 3522 5139 6461 5135 4636 776 3946 3138 0 3591 3671 5293 4028 2400 -1 9475 4764 4624 -1 2585 3629 6681 5359 4567 827 3285 3120 4980 3269 2484 3078 7577 -1 3195 2576 4153 5409 3007 5259 3778 4171 4380 5704
3267 5967 6872 6101 4373 4686 3036 4112 6170 6279 7392 4011 4321 3321 6683 3545 0 7175 5418 7532 1775 -1 9963 4139 5484 -1 5512 3004 7368 5159 8112 202 5398 5678 7960 6249 1859 2453 8608 -1 2570 4413 5013 5385 3033 5849 3754 5982 5376 5680
1352 5769 3981 2344 2154 5058 2381 882 1639 3786 5745 2157 1430 2563 3792 3917 4136 0 5790 357 3429 -1 6835 2285 953 -1 1505 2246 7637 4561 4263 2355 3544 2448 6819 3728 3006 4323 4077 -1 2535 1076 482 2734 4683 2619 1103 500 709 2419
3463 6853 5065 4141 3238 7484 3232 1733 4986 4216 6757 3008 2514 6473 4876 6343 4566 5409 0 5766 4927 -1 7686 3136 6277 -1 3302 3721 5132 5412 7028 4768 682 4245 5667 6086 3857 7019 7077 -1 5992 4638 5891 6659 5576 3470 5028 2297 5357 5876
995 5412 3624 3525 1797 4701 2809 1956 4563 3429 6334 2585 1073 2206 3435 3560 3779 3968 5433 0 3095 -1 7263 2713 4921 -1 2882 1889 7280 4989 6049 2309 3972 3522 6462 3371 3179 4560 7001 -1 4677 719 4450 2377 4326 3693 746 4468 352 5453
3037 5667 5373 4326 2598 4041 3734 2337 5488 5219 7259 3510 3676 1546 6038 2900 4474 5717 4773 6074 0 -1 8188 3638 4839 -1 4867 1229 6723 4690 7467 3727 4780 3903 7033 6169 84 5978 7926 -1 4850 4068 4368 4167 3998 4074 2536 4625 6426 6378
-1 -1 -1 -1 -1 -1 -1 -1 -1 -1 -1 -1 -1 -1 -1 -1 -1 -1 -1 -1 -1 -1 -1 -1 -1 -1 -1 -1 -1 -1 -1 -1 -1 -1 -1 -1 -1 -1 -1 -1 -1 -1 -1 -1 -1 -1 -1 -1 -1 -1
3684 7323 5675 4362 4606 6436 3453 1954 5207 6600 5298 1549 3882 6694 6244 6564 5851 6777 7553 7134 5148 -1 0 1677 5827 -1 3523 3942 8941 3953 6827 5300 2936 4466 8281 6307 2398 6341 7298 -1 4181 3528 7259 6880 5236 3691 5249 2518 7486 4437
2007 6544 3998 4657 2929 6028 1776 277 3530 4923 5301 1552 2205 5017 4567 4887 4174 5100 5876 5457 3471 -1 6230 0 5830 -1 4014 2265 7264 3956 5150 4376 2939 3703 6604 4630 721 6324 5968 -1 4536 1851 5582 5203 3559 2014 3572 4823 5809 4420
2610 6800 4601 2342 5212 5174 2379 880 4133 5526 5904 2155 4488 4690 6850 4033 5607 6672 5906 6649 3427 -1 6833 2283 0 -1 1503 2868 7669 4559 7433 4860 3542 2446 7066 5233 3004 4321 5278 -1 2533 4134 5501 5806 5131 2617 4175 498 7001 2417
-1 -1 -1 -1 -1 -1 -1 -1 -1 -1 -1 -1 -1 -1 -1 -1 -1 -1 -1 -1 -1 -1 -1 -1 -1 -1 -1 -1 -1 -1 -1 -1 -1 -1 -1 -1 -1 -1 -1 -1 -1 -1 -1 -1 -1 -1 -1 -1 -1 -1
2244 7308 6602 839 4239 5682 2013 2881 6134 6026 6730 2981 4324 3187 6686 4541 5064 7134 6414 7491 3708 -1 8834 3109 6451 -1 0 2502 6942 5385 8259 5266 4368 4447 9067 6687 3792 6561 8295 -1 4773 4960 6009 5440 4588 4618 3809 3687 7843 4657
2838 6873 4829 5532 3804 5247 2607 1108 4361 5754 6132 2383 4716 2752 7078 4106 5680 4941 5979 5298 1206 -1 7061 2511 5894 -1 5714 0 7929 4333 7661 4933 3770 2674 7294 5461 1290 7155 6799 -1 5367 4362 5423 5373 5204 2845 3742 4709 5650 5251
2347 6589 4338 2079 4949 6192 2116 617 3870 5263 5641 1892 4225 4427 6587 5051 5613 6409 6924 6574 3164 -1 6570 2020 6170 -1 1240 2605 0 4296 7170 5321 3279 2183 6803 4970 2741 4058 4847 -1 2270 3871 6479 5543 5579 2354 3912 235 6926 2154
2501 6140 4492 3567 3423 5253 2270 771 4024 5417 4115 366 2699 5511 5061 5381 4668 3778 6370 4135 3965 -1 6724 494 4644 -1 2728 2759 7758 0 5644 4117 1753 2912 7098 5124 1215 6368 6462 -1 5030 2345 4260 5697 4053 2508 4066 4278 4487 4914
2178 7825 6923 6838 5122 6199 1947 3320 6573 6426 6664 2915 5248 4070 7610 5058 6618 7377 6931 7734 3642 -1 9273 3043 6997 -1 5999 2436 8575 5319 0 5885 4302 5110 9647 7673 1794 6495 5578 -1 4707 4894 6526 5374 6142 4939 3743 4994 8086 4591
3065 5765 6670 6149 4843 4484 2834 4214 5968 6077 7190 3809 4119 6628 6481 3343 3307 6973 5216 7330 5082 -1 10167 3937 5282 -1 5310 5307 7166 4957 7910 0 5196 6463 7758 6047 4658 2251 8406 -1 5293 4211 4811 5183 2831 5951 3552 5780 7682 5478
5473 6371 5963 6762 5034 9494 7785 7056 7099 9966 10609 8331 4310 9110 6672 7755 9065 7205 10226 7562 8417 -1 13009 8459 6413 -1 6119 7211 10097 10143 10041 8262 0 8594 9962 10933 6426 10121 9537 -1 8450 3956 5942 9221 8589 8793 8308 6911 7914 8830
4597 5635 6195 5674 4368 4009 4632 4813 5493 5760 7581 4408 3644 6814 6006 2868 4428 6498 4741 6855 5268 -1 9086 4536 4807 -1 4835 4832 6691 4658 7435 3695 4748 0 6288 6137 5257 5946 7931 -1 4818 5218 4336 4708 3952 6550 3077 5305 7207 7224
4451 6290 6314 612 4012 3828 4437 3316 159 5799 4265 3908 4097 2960 6459 4314 4837 5062 6187 5419 4778 -1 8799 4036 6015 -1 2771 3572 6314 4477 8881 5039 4567 5408 0 5972 4284 5035 2597 -1 6264 5627 5544 6154 4361 4330 4523 3460 5771 6625
5793 5983 6369 5030 7950 5096 5562 6445 9654 8928 3958 6111 7226 7378 8376 8070 8603 9523 8902 9880 7257 -1 12398 6239 8968 -1 4191 6051 9844 5745 8847 7140 5835 8638 12772 0 5409 9391 8663 -1 8322 8090 8497 8989 8127 8182 7358 7009 10232 8206
4729 8273 6117 6018 4290 6647 6422 4923 8100 8398 9947 6198 6282 8366 8644 5506 7080 6461 7379 6818 7470 -1 10876 6326 7414 -1 5546 6911 9329 7296 10073 6333 7386 6489 9218 8775 0 8364 9321 -1 6576 7537 6943 7346 6604 6660 5715 4541 7170 6460
3689 3514 5077 4978 3250 6445 3462 1963 5216 3826 5307 1558 3891 4596 5907 5950 4176 5421 4162 5778 5157 -1 7916 1686 5405 -1 5434 3951 8469 2706 6836 4378 2945 4417 5507 3796 2407 0 7654 -1 4822 3537 5903 6889 4903 3700 5258 5903 6130 6106
3446 5952 5437 6096 4368 6198 3215 1716 4969 4035 5060 1311 3644 6456 6006 6326 4385 6539 6600 6896 4910 -1 7669 1439 5158 -1 5293 3704 8703 3715 6589 4587 2698 4170 7945 3375 2160 2438 0 -1 4575 3290 7021 6642 4998 3453 5011 5656 7248 5859
-1 -1 -1 -1 -1 -1 -1 -1 -1 -1 -1 -1 -1 -1 -1 -1 -1 -1 -1 -1 -1 -1 -1 -1 -1 -1 -1 -1 -1 -1 -1 -1 -1 -1 -1 -1 -1 -1 -1 -1 -1 -1 -1 -1 -1 -1 -1 -1 -1 -1
1961 7608 4800 4701 2973 5982 1730 4995 6783 7733 9976 6270 5617 6363 7979 4841 6401 5144 6714 5501 5384 -1 10948 6398 6097 -1 5782 6046 8664 6631 9407 5668 6721 6725 7901 8110 4365 6278 9221 -1 0 6220 5626 6681 5925 6732 5050 4777 5853 4374
1517 4693 2905 2806 1078 5538 3829 3100 4888 6010 6653 4375 354 5154 2716 4397 5109 3249 6270 3606 5524 -1 9053 4503 4202 -1 2163 4318 6926 6187 6085 4306 4803 4638 6006 6977 2470 6557 7326 -1 4494 0 3731 5265 4633 4837 4352 3749 3958 5256
3081 7271 5072 2813 5683 4826 2850 1351 1157 5997 5263 2626 4959 5161 7321 4432 6078 7143 6377 7120 3898 -1 7304 2754 471 -1 1974 3339 7312 5030 7904 5259 4013 2917 6789 5704 3475 4792 3595 -1 3004 4605 0 6277 5602 3088 4646 969 7472 2888
7168 9945 8556 6982 6729 9058 6981 5482 8303 10054 7920 6757 6005 8689 8367 8773 5533 7603 7235 7960 7143 -1 11435 5205 8556 -1 6143 5937 4903 9161 7352 5735 6070 5905 11657 9835 5926 7986 9750 -1 7173 6323 8085 0 5057 7219 8706 5138 8312 7057
2897 6073 4285 4186 2458 6691 4405 2906 3246 5389 5553 4181 1734 6534 4096 5777 5739 4629 7650 4986 6100 -1 8859 4309 5582 -1 3543 4894 6305 6585 7329 5686 5568 5418 7386 7259 3850 7937 5684 -1 5874 1380 5111 6645 0 4643 5732 3470 5338 6636
5407 9238 1984 6399 6209 8508 5405 3906 5694 3472 8930 5181 5485 6618 6656 7367 3822 4055 8476 4412 5597 -1 9859 5309 5008 -1 5560 5894 9864 7585 8318 4024 6568 5780 9173 7462 5681 6142 6818 -1 6392 5131 4537 6789 6298 0 5158 4555 4764 6474
5072 8711 7063 7722 5994 7719 4841 3342 6595 2683 6686 2937 5270 6354 7632 6578 3033 7032 6938 7389 4808 -1 9295 3065 7215 -1 6919 5330 6534 5341 6212 3235 4324 4765 9669 7695 3786 5486 9033 -1 5603 4916 7514 1631 4621 5079 0 6769 7657 7485
2112 6354 4103 1844 4714 5957 1881 382 3635 5028 5406 1657 3990 4192 6352 4816 5378 6174 6689 6531 3576 -1 6335 1785 5935 -1 1005 2370 7171 4061 6935 5086 3044 1948 6568 4735 2506 6429 4780 -1 4641 3636 6244 5308 5344 2119 3677 0 6883 4525
643 6290 6097 6329 5023 4664 4791 3366 6148 6415 6265 4641 4299 5076 6661 3523 4721 6054 5396 6411 3530 -1 9319 4769 5462 -1 5490 4759 7346 5313 5697 1957 4415 4250 6110 4399 3614 4208 8586 -1 4325 5511 4991 5363 4245 5103 3732 5960 0 7435
2077 5418 4916 4817 3089 5051 1846 2163 4546 5730 7187 3438 3732 2556 6094 2956 5484 5260 5783 5617 1010 -1 8116 3566 5849 -1 5541 2239 7733 4610 7523 3783 4825 3729 7411 5700 1094 1904 6984 -1 116 5078 5378 5177 5008 3900 3546 4893 5814 0
5734 9129 374 7713 4735 4020 4864 7917 6214 2993 5010 3964 5098 4306 4457 8554 8563 7230 5515 3676 7264 2350 3982 -1 6172 5249 3761 6220 6072 3910 6837 3387 5300 7334 7083 6177 4277 7880 3780 7498 5178 10395 6392 7183 5489 3911 6243 5165 -1 5543
4180 3482 4220 8864 4120 4206 5114 6942 5683 6839 4247 3201 4335 5599 3694 5638 7800 6467 4752 3862 5717 6196 4458 -1 5420 4486 5177 7371 6258 4697 6074 2624 6451 6571 6759 8776 3514 5032 3031 1851 4415 9632 5629 6420 4726 5062 8028 8239 -1 4298
2641 7711 4158 6522 5963 5248 4346 8171 3306 4221 7346 5953 3567 4832 8241 7917 5648 3378 5418 4904 7113 6134 5542 -1 3881 7238 7020 8402 6216 5739 8826 7171 6771 9323 5283 6733 6613 4787 4905 9105 5692 9740 2923 7732 2020 6093 9039 5721 -1 2759
3115 7943 4213 7050 5557 4740 4820 7702 3780 3815 2344 1276 4041 4135 5279 4651 6360 3528 5506 4396 1578 3172 2555 -1 3977 2561 3546 6049 6312 4732 1151 4209 5129 4646 7803 6999 5099 5261 3565 8320 5169 9477 3923 6554 3020 3740 7065 5987 -1 2855
4843 9568 813 8152 5174 4459 5203 8356 5508 3432 4072 3004 5537 4745 4896 6379 8088 5256 5954 4115 3306 2789 4283 -1 5705 4289 4200 6659 6511 4349 2879 3826 5739 3657 7345 6616 4716 6989 4219 7937 5617 10834 5651 7622 4748 4350 6682 5604 -1 4583
1760 5344 3453 5695 3581 4697 1856 5681 2425 4052 989 2035 1077 2780 6744 7737 4542 3209 4651 4353 5335 5429 1200 -1 3000 3320 4638 4694 5335 5188 4908 6466 3774 5405 7571 5993 256 3906 4657 8320 4788 9805 2988 6851 2085 2385 5444 4981 -1 1878
3840 8545 605 7775 4966 4251 5095 8148 4505 3224 4150 3169 4766 4537 4688 6457 4965 6898 5746 3907 3384 2581 4213 -1 4546 4454 3992 6451 4446 4141 6042 3618 5531 6539 5673 6408 4508 5986 4011 6914 5409 10626 4122 4003 3219 4142 6474 5396 -1 3958
411 7505 2104 4346 3841 5017 2116 5941 1076 3990 5116 4534 1337 4258 6187 7956 6464 3469 3302 4673 4883 4080 4579 -1 1651 5364 4898 6172 3986 5508 7211 5117 4541 7449 6569 4644 4383 2557 4917 8413 4729 10606 1960 5502 2886 3863 6809 3632 -1 529
3611 9013 3018 8402 6315 5717 4590 8415 5132 5637 4658 4669 419 3647 7101 5069 8211 5512 49 6320 6756 4994 4869 -1 4851 4446 6405 8363 7186 2985 6329 6031 6975 6531 3316 8700 3925 5757 6424 7982 4408 11362 5160 7825 4719 6054 6850 7688 -1 3729
4771 9374 1389 6329 5750 865 4275 6624 3059 4008 5929 4979 4055 5321 5472 4464 8351 6124 4208 521 6770 3365 4997 -1 3017 6264 4776 7235 2917 1356 7602 4402 6315 8349 3928 6627 5196 5189 3199 7743 6193 11410 5155 4832 4252 4926 6134 5615 -1 4889
2898 5507 2209 6833 4719 5835 2994 6763 3563 4828 2127 3045 2215 3918 5719 7663 5680 4347 5090 5491 4988 4185 2338 -1 1756 340 5596 5832 4091 5745 5918 4649 4912 2425 6113 7131 1394 3314 5056 3876 4753 7256 2065 5607 2991 3523 6582 6119 -1 634
816 7910 2509 4751 2566 4064 841 4666 1481 3037 5146 3259 62 2983 6592 7940 5190 2194 3707 3720 5288 4485 3844 -1 2056 4089 3623 4897 4391 4555 5936 5522 3977 6174 6974 5049 4413 2962 3642 7625 4637 11005 2365 5907 3291 2588 6245 4037 -1 934
3157 7821 1537 4057 5040 5183 4862 6658 3822 4156 4216 926 4083 650 4614 5607 6010 5929 3593 4839 4030 3513 4427 -1 3627 2211 4924 2564 4704 4756 3603 4550 1644 4296 7328 3969 5440 5185 4943 6190 3256 9127 3936 6212 3567 255 3912 6328 -1 2505
4208 7603 1865 6187 3209 2494 3338 6519 4688 1467 3484 2438 3572 2780 2931 7042 7037 5704 3989 2150 4358 824 3695 -1 4646 3723 4266 4694 4546 2384 3931 1861 3774 4709 5557 4651 2751 6354 2268 5972 3652 8869 4866 5657 3963 2385 4717 3639 -1 4017
6049 9633 6344 9334 7428 3451 7496 7610 6714 6570 5278 5378 6814 5927 9891 3245 9264 8967 5454 7080 7282 8005 5489 -1 6527 6305 7642 7841 6427 7915 6855 9042 6921 8390 9711 9246 4545 5371 7661 10984 5117 13148 6331 8073 5428 5532 5635 8742 -1 6167
3933 8597 1063 4833 1855 1140 5477 5263 3334 113 4992 1702 3540 1426 5146 6383 6786 6399 4369 796 4806 3039 3133 -1 3292 2987 2912 3340 3192 1030 4379 4076 2420 5072 4203 3297 4820 5464 2931 6966 4032 9903 4712 5107 4343 1031 4688 2285 -1 3281
4421 9024 1039 5979 5400 515 4852 7100 2709 3658 5579 4629 3705 4971 5122 4114 8001 5774 3858 171 6420 3015 4647 -1 2667 5914 4426 6885 2567 1006 7252 4052 5965 7999 3578 6277 4846 4839 2849 7393 5843 11060 4805 4482 3902 4576 5784 5265 -1 4539
1293 7859 1726 5228 3694 2668 2878 3763 1958 1952 3912 622 2058 2080 5494 6708 4646 4351 698 2324 3922 3387 4123 -1 1909 1907 4751 3994 1809 3159 3495 4424 3074 3992 4955 5136 3510 3439 4770 6228 361 8392 1575 3317 672 1685 1017 4124 -1 1411
2144 5728 3837 6079 4316 496 3849 7325 2809 5723 1373 2419 3070 3164 7128 5482 4485 5062 3839 4737 5719 5813 1584 -1 3384 3704 5373 5078 5719 5572 5292 6850 4158 5789 7955 6377 640 4290 5392 8704 5228 10189 3372 6840 2469 2769 6426 5365 -1 2262
1721 8241 1369 5130 3337 2622 2521 3406 3032 1595 3886 1999 2647 1723 5137 6680 4289 4779 4612 2278 5103 3030 4097 -1 1552 3284 4394 3637 1452 3113 4676 4067 2717 5369 5685 4779 3153 3724 4413 7263 4329 9466 2649 6589 1746 1328 660 3767 -1 1839
2646 9149 3411 6683 4755 4040 4311 5899 3413 3013 5030 3984 3572 4326 4477 8588 8583 5704 4823 3696 5904 2370 3930 -1 892 5269 5812 5386 792 3930 5477 3407 4466 6255 7103 5350 4297 3064 3814 7518 4486 9847 3030 7203 2127 3077 4009 5185 -1 2764
-1 -1 -1 -1 -1 -1 -1 -1 -1 -1 -1 -1 -1 -1 -1 -1 -1 -1 -1 -1 -1 -1 -1 -1 -1 -1 -1 -1 -1 -1 -1 -1 -1 -1 -1 -1 -1 -1 -1 -1 -1 -1 -1 -1 -1 -1 -1 -1 -1 -1
2365 9459 4058 6300 4115 5613 2390 6215 3030 4586 5930 2640 1611 4532 8141 8776 6739 3743 2716 5269 5940 6034 5393 -1 3605 3925 5172 6446 5940 5652 5513 7071 5526 6010 7466 6598 5962 4511 5191 8707 2379 10410 3593 5796 2690 4137 7794 5586 -1 2483
688 7782 2381 4623 2438 4689 713 4538 1353 4267 5018 3131 1614 2855 6464 7812 6741 3746 3579 4345 5160 4357 3716 -1 1928 4416 3495 4769 4263 5180 5808 5394 3849 6501 6846 4921 4285 2834 3514 8395 5006 10883 2237 5779 3163 2460 6117 3909 -1 806
1291 7957 2808 5226 4721 5173 2996 6821 1956 4146 3910 620 2217 3482 5610 6993 5704 4349 696 4829 3920 3503 4121 -1 2531 1905 5778 7052 4219 3632 3493 4540 5421 3990 5446 5383 5263 3437 4947 6687 359 8390 1573 3776 670 4743 7309 4371 -1 1409
-1 -1 -1 -1 -1 -1 -1 -1 -1 -1 -1 -1 -1 -1 -1 -1 -1 -1 -1 -1 -1 -1 -1 -1 -1 -1 -1 -1 -1 -1 -1 -1 -1 -1 -1 -1 -1 -1 -1 -1 -1 -1 -1 -1 -1 -1 -1 -1 -1 -1
3292 8782 2501 7227 5547 5579 3822 7172 3957 4654 3183 2115 3043 4974 6118 5490 6978 4367 5580 5235 2417 4011 3394 -1 2165 3400 4385 6888 4500 5571 1990 5048 5968 5485 7686 7384 5938 3723 4404 8927 5243 10316 2474 6016 2671 4579 7717 6372 -1 1043
1519 8613 3036 5454 4949 5246 3224 7049 2184 4219 6224 4831 2445 3710 5683 9017 7572 4577 4410 4902 5991 3576 4420 -1 2098 6116 6006 6592 1998 5136 6683 4613 3690 6966 7677 5611 5491 3665 5020 8724 4570 8618 1801 6610 898 4283 5215 4599 -1 1637
1028 8055 2545 4963 4458 5634 2733 6558 1693 4607 3647 357 1954 3219 6628 6730 5441 4086 433 5290 3657 4521 3858 -1 2268 1642 5515 6789 3956 3369 3230 5558 5158 2037 5183 5120 5000 3174 5534 6424 96 8127 1310 3513 407 4480 7173 4108 -1 1146
1182 8276 2875 5117 2932 4430 1207 5032 1847 3403 5135 1845 428 3349 6958 8218 5556 2560 4073 4086 5145 4851 4210 -1 2422 3130 3989 5263 4757 4921 4718 5888 4343 5215 7340 5415 4779 3328 4008 7991 4139 10046 2731 6273 3657 2954 4795 4403 -1 1300
3731 10492 2552 7666 5481 6198 3756 7106 4396 5171 6097 5116 2977 5898 6635 8404 6912 5109 5514 5854 5331 4528 5027 -1 2099 683 5939 7812 3316 6088 7989 5565 6126 2768 6456 7964 6455 3657 5958 8861 5177 7599 2408 5950 3334 5503 6533 6952 -1 977
4625 8936 837 5777 5198 3822 4650 6898 2507 3456 5377 4427 3503 4769 4920 7421 7799 5572 5978 3478 6218 2813 4445 -1 5865 5712 4224 6683 5874 804 7300 3850 5763 7797 3376 6075 4644 6771 2647 7616 5641 10858 6174 6837 5952 4374 6706 5063 -1 4743
7467 9456 5847 8367 7329 5699 9172 6643 8132 7868 7123 5236 7518 2682 8924 9917 3803 7166 7109 8551 8340 7823 6549 -1 6874 6521 8386 6874 8976 8785 7913 8860 5954 8606 10415 8279 6390 8014 8405 8222 6772 12162 6987 6158 7083 4565 8222 10040 -1 6815
3544 6146 362 7701 4723 4008 4852 7905 5889 2981 4998 3952 3894 4294 4445 8542 8446 6602 5503 3664 7252 2338 3970 -1 4784 5237 3749 6208 6060 3898 6825 3375 5288 7322 7071 6165 4265 5690 3768 7486 5166 10383 5093 7171 5477 3899 6231 5153 -1 3662
3727 8555 3177 6224 6169 5352 4749 8242 4392 4427 2956 1888 578 3806 5891 5228 6972 4140 208 5008 2190 3784 3167 -1 3235 3173 4158 6661 5570 3144 1763 4821 3811 5258 3475 7611 4084 5407 4177 8141 4567 10089 4535 7166 3632 4352 6079 6599 -1 3467
6856 9465 5564 10791 8677 5569 6952 10721 7521 8183 6085 6306 271 7876 8606 9681 4209 8305 8912 7109 6608 7540 6296 -1 5714 4298 8576 9790 8049 7944 6181 7536 8870 5853 9541 11089 5352 7272 7943 7834 8711 11214 6023 6564 6862 7481 10540 10077 -1 4592
5334 11755 5103 7623 7361 6646 7039 10224 5999 5619 7636 4663 6260 6932 7083 10669 9747 8392 4739 6302 7596 4976 7847 -1 6574 5948 8418 6130 8262 6536 7169 6013 5210 7947 9489 7535 6903 7480 6420 10124 4402 12433 5616 7819 4713 3821 7478 7791 -1 5452
2374 6685 4063 3526 4124 4658 2399 6224 256 4164 5535 4551 1620 4541 7140 7230 6748 3321 5265 4347 6556 5420 4921 -1 3614 5647 4700 5090 3842 5182 6129 6138 4170 6907 1125 3824 4802 4520 4719 5365 5764 12563 3923 7465 4849 2781 6438 2812 -1 2492
2127 9123 3820 5964 3877 4900 2152 5977 2694 3917 6457 4570 1373 4294 7903 8499 6501 3074 5018 4556 6599 5796 5155 -1 3367 5400 4934 6208 5702 5391 7247 6833 5288 7485 878 6262 5724 4273 4953 7803 5517 12316 3676 7218 4602 3899 7556 5250 -1 2245
-1 -1 -1 -1 -1 -1 -1 -1 -1 -1 -1 -1 -1 -1 -1 -1 -1 -1 -1 -1 -1 -1 -1 -1 -1 -1 -1 -1 -1 -1 -1 -1 -1 -1 -1 -1 -1 -1 -1 -1 -1 -1 -1 -1 -1 -1 -1 -1 -1 -1
5406 10275 2335 6306 6696 5981 6825 7337 6071 4954 5880 4899 6332 6267 6418 4595 6695 8178 5842 5637 5114 4311 5943 -1 5709 6184 5722 4813 5609 5871 5852 5348 3893 6630 7403 6218 6238 7552 5741 8644 5505 12356 5852 5733 4949 2504 6161 7126 -1 5524
3511 7522 1891 4411 3373 5537 5216 2687 4176 4510 3167 1280 3781 1004 4968 5961 6364 6283 3947 5193 4384 3867 3378 -1 3981 2565 4430 2918 5020 5110 3957 4904 1998 4650 7682 4323 2434 5539 4449 6544 3610 9481 4290 6566 3921 609 4266 6682 -1 2859
1762 7377 3279 5697 5192 5572 3467 7292 2427 4545 4381 1091 1576 3953 6081 6226 6175 4820 1167 5228 4391 3974 4592 -1 3002 2376 6249 7523 4690 4103 3964 5011 5892 4461 4473 5854 5082 3908 5418 5746 830 8861 2044 2835 1141 5214 7780 4842 -1 1880
5893 11566 6267 9828 4640 6048 5918 9010 6558 8886 7211 5260 6819 6655 9944 9647 9873 8951 5336 5704 8560 8243 5075 -1 7133 6545 4854 8569 7935 6539 8133 8874 7649 6940 9111 9974 6478 8039 4873 11327 4999 13030 6213 8416 5310 6260 8620 9011 -1 6011
3317 6901 3271 5791 4617 6254 5022 4067 3982 5890 2546 2660 3665 2384 6348 7341 7744 6235 3295 5910 5764 5247 2757 -1 4557 3945 5674 4298 6400 6231 5337 6284 3378 6030 6562 5703 1813 5463 5693 7924 4990 10861 4545 7946 3642 1989 5646 6538 -1 3435
4317 9695 4861 4921 6200 4337 6022 7818 4982 6007 7967 4677 5243 6135 5774 7936 7632 5362 4753 3993 7977 6837 6316 -1 5557 5962 6095 8049 5864 4828 7550 7874 2804 8047 6085 7490 7565 6463 6114 10283 4416 11724 4907 7372 4004 5740 5072 6478 -1 4435
3753 10847 4072 7688 3500 3548 1775 7603 4418 5974 7167 6196 2999 5920 4590 7147 8127 5131 6644 3204 8225 6048 4778 -1 4993 6895 4557 7834 5600 4039 8873 7085 6914 8571 6611 7986 6434 5899 4576 10426 6630 13218 5302 7515 6228 5525 8049 6974 -1 3871
793 7887 2310 4728 4223 5399 2498 6323 1458 4372 3412 122 1719 2984 6393 6495 5206 3851 3684 5055 3422 4286 3623 -1 2033 1407 5280 6554 4368 5846 2995 5323 4923 3492 5658 4885 4765 2939 5299 8205 3844 7892 1075 5884 172 4245 7191 3873 -1 911
3777 9772 1017 7712 2985 2270 5482 8198 4442 1243 5653 4607 3707 4949 5100 7833 3937 6835 5613 1926 7907 2993 4263 -1 4422 5892 4042 6863 4322 2761 7480 4030 5943 7977 5333 4427 4920 5923 4061 8141 5821 10876 4059 6237 3156 4554 6886 3415 -1 3895
2574 5901 2451 5430 4811 4096 4279 6909 2160 3069 5996 4658 3500 4382 5487 4711 6811 5225 4595 3752 5230 3380 4940 -1 1902 5943 5838 4929 1802 3986 5968 4417 4009 6746 3029 5728 5307 4074 4824 4270 5496 9673 2856 1359 1953 2620 5019 4716 -1 2692
0 8774 1693 5615 3430 4928 1705 5530 2345 3901 5238 4123 926 3847 5776 7545 6053 3058 2891 4584 4472 3669 4168 -1 1240 4953 4487 5761 3575 5229 6800 4706 4841 7038 6158 5101 5277 2146 4506 8002 4318 10195 1549 5091 2475 3452 6792 4901 -1 118
6259 0 6578 10194 6006 6054 4281 9215 6924 8480 6476 7808 5221 5419 7096 8350 10616 7637 4851 5710 10731 8365 6687 -1 7499 9093 7063 9446 8106 6545 10485 9402 8526 11077 8118 10492 8727 1550 7082 10959 9136 15724 7808 10021 8734 7137 10555 9480 -1 6377
5360 8755 0 7339 4361 3646 4490 7543 5840 2619 4636 3590 4724 3932 4083 8180 8189 6856 5141 3302 6890 1976 3608 -1 5798 4875 3387 5846 5698 3536 6463 3013 4926 6960 6709 5803 3903 7506 3406 7124 4804 10021 6018 6809 5115 3537 5869 4791 -1 5169
3776 8278 2892 0 4400 2368 5481 5330 4441 2658 3923 3251 4702 2975 6647 5967 7107 6834 4621 2024 6355 4868 1395 -1 4355 4536 1174 4889 4255 2859 5928 5577 3969 6621 5431 5842 3190 5922 1193 8515 4284 10875 4058 6335 3155 2580 4940 4830 -1 3894
3659 7411 1627 6265 0 2251 5364 5213 4324 4246 3806 3134 4585 2858 5304 5850 5233 6717 4230 1907 6238 3603 1278 -1 4238 3395 1057 4772 4138 2742 5811 4234 3852 5480 5314 6177 3073 5805 1076 7156 3893 10311 3941 6218 3038 2463 4549 6418 -1 3689
8341 14633 5878 12276 7846 0 10046 12890 9006 6104 10514 7963 8568 9810 9961 12694 8798 11399 3343 6787 11263 7854 9124 -1 9283 9248 8903 11724 9183 6279 10836 8891 10804 11333 10194 9288 9781 10487 8922 13002 7702 15440 8623 11098 7720 9415 10144 8276 -1 8459
1978 9072 3352 5913 1725 3976 0 5828 2643 4199 5392 4421 1224 4145 7029 7575 6352 3356 4869 3632 6450 5328 3003 -1 3218 5120 2782 6059 5553 4467 7098 5959 5139 7205 7039 6211 4659 4124 2801 8787 5618 12036 3527 7069 4453 3750 6274 5199 -1 2096
4187 8470 4160 6680 4291 5581 2566 0 4729 4554 3692 3549 3790 3273 6018 7280 8633 5922 6216 5237 6653 3911 3903 -1 2433 4834 5348 5187 2333 5471 6226 4948 4267 6919 5598 6592 4703 4605 5355 6839 5879 11388 4571 3928 3668 2878 5550 6726 -1 4305
4873 6429 4959 3270 7549 4435 6578 8517 0 5807 7193 6521 3811 6245 7271 6974 7749 7931 5459 4091 7441 5164 4665 -1 3686 7806 4444 8159 3586 4926 7014 6201 7239 9049 7498 3568 6460 5858 4463 10312 7554 12641 5824 7823 4921 5850 6803 2556 -1 4991
4933 9153 1551 6491 1742 1027 5364 6955 3221 0 5548 4876 3427 4600 5634 6590 6975 6286 4370 683 6932 3527 3020 -1 3179 5137 2799 6514 3079 1518 6630 4564 5594 7222 4090 3184 4815 5351 2818 7905 5172 11572 5317 4994 4414 4205 5828 2172 -1 5051
771 7865 2464 4706 4201 3708 2476 6301 1436 4350 0 2067 1697 1791 5755 6748 6824 3829 3662 3364 5171 4440 211 -1 2011 3352 5258 3705 4346 4199 4744 5477 2785 5437 6771 5004 4743 2917 5277 7331 3855 10268 2320 5862 3246 1396 5053 3992 -1 889
4043 9665 3154 7996 6083 6462 4358 7708 4726 5537 3290 0 3579 5081 7001 6373 5084 5250 6116 6118 3300 4894 3501 -1 2701 1285 5268 6995 5036 6454 2873 5931 6075 3370 7058 8267 6821 4259 5287 9463 5779 8201 3010 6552 3554 4686 8253 7255 -1 1579
6585 9194 5293 10520 8406 5298 6681 10450 7250 7912 5814 6035 0 7605 9376 9410 9367 8034 8641 8102 6337 7269 6025 -1 5443 4027 8305 9519 7778 8829 5910 8306 8599 6112 9800 10818 5081 7001 8324 7563 8440 10943 5752 9294 6591 7210 10269 9806 -1 4321
5022 7171 6539 8957 7809 7895 6727 9861 5687 7805 7641 4351 4836 0 7383 9327 9435 8080 4427 7551 6900 7234 6924 -1 6262 5636 8866 10092 7950 7363 6473 6313 9152 7721 7733 9114 7203 7168 6720 5540 4090 12121 4305 6095 4401 7783 11040 8102 -1 5140
4085 7837 2053 6691 426 2677 5577 5639 3434 4672 4232 3560 4798 3284 0 6276 5659 6499 4656 2333 6664 4029 1704 -1 4664 3821 1483 5198 4564 3168 6237 4660 4278 5906 4303 6603 3499 6231 1502 7582 4319 10737 2312 6644 3464 2889 4975 5990 -1 4115
6108 11453 4929 7689 7858 7689 6133 8784 6773 6973 7848 4558 5354 4282 8246 0 9289 7486 5719 7345 7662 6905 7404 -1 4476 3060 8316 6196 6811 8180 7235 7942 5276 5145 8833 7601 8531 6034 8335 9822 5382 9976 4785 8327 5693 3887 6038 9145 -1 3354
4099 6897 5015 7733 5807 1896 5804 8078 4764 4065 7892 4602 5025 4326 8290 9283 0 5538 5239 4748 7706 6984 2746 -1 3071 5887 6864 6240 5406 4982 7279 8021 5320 7972 7443 7249 8071 5243 6883 5266 6390 8359 4381 2355 3478 3931 7588 6237 -1 4217
3375 9170 2394 7310 2585 1870 5080 7798 4040 843 5994 2704 4270 5443 6477 7433 7788 0 2780 1526 6004 4370 3863 -1 4022 3989 3642 7357 3922 2361 5577 5407 6437 6074 4933 4027 5658 5521 3661 8748 2443 10474 3657 5837 2754 5048 6671 3015 -1 3493
5291 11724 2969 9226 7330 6615 6996 9547 5956 5588 7605 4620 5635 6901 7052 10993 9704 8349 0 6271 7920 4945 6577 -1 6531 5905 6356 8815 7593 2936 7493 5982 7895 7990 9446 8772 6872 7437 6375 10093 4359 12390 5573 7776 4670 6506 6801 7760 -1 5409
4250 8853 868 5808 5229 344 4681 6929 2538 3487 5408 4458 3534 4800 4951 6994 7830 5603 3687 0 6249 2844 4476 -1 2496 5743 4255 6714 2396 835 7081 3881 5794 7828 3407 6106 4675 4668 2678 7222 5672 10889 4634 4311 3731 4405 5613 5094 -1 4368
1537 8631 3230 5472 4967 4474 3242 7067 2202 5116 766 2833 2463 2557 5940 3073 7590 4595 4428 4130 0 5206 977 -1 2777 4118 6024 4471 5112 4965 5510 4870 3551 6203 7537 5770 5509 3683 5277 7887 4621 11034 3086 4976 4012 2162 5819 4758 -1 1655
3384 6779 1593 5363 2385 1670 2514 5695 3864 643 2660 1614 2748 1956 2107 6218 6213 4880 3165 1326 4914 0 2871 -1 3822 2899 3442 3870 3722 1560 4487 1037 2950 4984 4733 3827 1927 5530 1444 5148 2828 8045 4042 4833 3139 1561 3893 2815 -1 3193
4087 8751 2467 4987 5970 6113 5792 7588 4752 5086 5146 1856 5013 1580 5544 6537 6940 6859 3981 5769 4960 4443 0 -1 4557 3141 5854 3494 5634 5686 4533 5480 2574 5226 8258 4899 6370 6115 5873 7120 3644 10057 4714 7061 3955 1185 4842 7258 -1 3435
-1 -1 -1 -1 -1 -1 -1 -1 -1 -1 -1 -1 -1 -1 -1 -1 -1 -1 -1 -1 -1 -1 -1 -1 -1 -1 -1 -1 -1 -1 -1 -1 -1 -1 -1 -1 -1 -1 -1 -1 -1 -1 -1 -1 -1 -1 -1 -1 -1 -1
1856 8950 3373 5791 5144 5192 3419 5007 2521 4556 6561 5168 2782 4047 6020 8791 7909 4914 4747 4848 6328 3913 4757 -1 0 6453 6201 6929 2335 5473 7020 4950 4027 7303 8014 5948 5828 2172 5357 9061 4907 8955 2138 6947 1235 4620 5552 4936 -1 1974
3048 9809 1869 6983 4798 5515 3073 6423 3713 4488 5414 4433 2294 5215 5952 7721 6229 4426 4831 5171 4648 3845 4344 -1 1416 0 5256 7129 3751 5405 7306 4882 5443 2085 5773 7281 5772 2974 5275 8178 4494 6916 1725 5267 2651 4820 6968 6269 -1 294
2602 7104 1718 5208 4820 1194 4307 4156 3267 4337 2749 2077 3528 1801 5765 4793 6866 5660 3447 850 5181 3694 221 -1 3181 3362 0 3715 3081 1685 4754 4731 2795 5447 4257 5120 2016 4748 19 7341 3110 9701 2884 5161 1981 1406 3766 5682 -1 2720
3132 7960 4093 7067 5574 3947 4837 8662 3797 3832 2361 2950 3666 3859 5296 4668 8034 6190 3026 4515 1595 3189 2572 -1 4372 4235 6631 0 6549 4749 1168 4226 5146 6320 6563 1405 5116 5278 4633 8337 2689 10720 3903 6106 3000 3757 7082 6004 -1 3250
1854 8357 2619 5891 3963 3248 3519 5107 2621 2221 4238 3192 2780 3534 3685 7796 7791 4912 4743 2904 5112 1578 3138 -1 100 4477 5020 5448 0 3138 4685 2615 4127 5463 6311 5405 3505 2272 3022 6726 4406 9055 2238 6411 1335 3139 3217 4393 -1 1972
5393 8788 33 7372 4394 3679 4523 7576 5873 2652 4669 3623 2699 3965 4116 8213 6995 6889 5174 3335 5414 2009 3641 -1 5831 4908 3420 5879 5731 0 6496 3046 4959 6993 6742 5836 3936 7539 3439 7157 4837 10054 6051 6033 5148 3570 5902 4824 -1 5202
1964 6792 3062 5899 4406 3691 3669 7494 2629 2664 1193 1819 2890 2984 4128 3500 6903 5022 4855 3347 427 2021 1404 -1 3204 3104 5463 4898 5539 3581 0 3058 3978 5189 6754 5848 3948 4110 3465 7169 4849 9589 2772 5403 1869 2589 5914 4836 -1 2082
2394 5978 1596 6329 1496 1582 2490 4658 3059 4215 1623 577 1711 2975 1070 5181 5176 3843 2128 1238 3877 3572 1834 -1 3278 1862 2553 4889 3634 2073 3450 0 3969 3947 4645 6294 890 4540 407 6707 1791 7008 3005 3796 2102 2580 6045 5615 -1 2156
1513 8607 2977 2413 3396 3919 3218 5014 2178 3203 5163 1873 2439 3331 2970 5652 5897 4571 1949 3575 5173 4638 3808 -1 2753 3158 3587 5245 3060 4410 4746 5675 0 5243 6206 5746 4761 3659 3606 7479 1612 9643 2826 4568 1923 2936 2268 4734 -1 1631
4937 11933 4596 8774 6687 7710 4962 8787 5504 6727 8141 7160 4183 7104 8679 10448 8956 5884 7558 7366 7375 6572 7071 -1 4143 8210 7744 9018 6478 8132 8477 7609 8098 0 3688 9072 8499 5701 7763 10613 7221 13098 4452 7994 5378 6709 9695 8060 -1 3021
1249 8337 2942 5178 2999 4066 1274 5099 1908 3039 5579 3692 495 3416 7025 8292 5623 2196 4140 3722 5721 4918 4277 -1 2489 4522 4056 5330 4824 4557 6369 5955 4410 6607 0 5476 4846 3395 4075 8058 4639 11438 2798 6340 3724 3021 6678 4464 -1 1367
5410 10238 2688 7751 7049 4311 6432 9925 6075 5307 4639 3571 2261 5489 6771 3406 8655 5823 1891 5990 3873 4664 4850 -1 4918 4856 5841 8344 7253 4827 3446 5701 5494 5532 5158 0 5767 6030 5860 9812 6250 11772 6218 8849 5315 6035 7762 7479 -1 5150
1504 5088 3197 5439 4934 4441 3209 7034 2169 5083 733 1779 2430 2524 6488 7481 6863 4422 4395 4097 5079 5173 944 -1 2744 3064 5991 4438 5079 4932 4652 6210 3518 5149 7315 5737 0 3650 6010 8064 4588 9549 2732 6595 1829 2129 5786 4725 -1 1622
4709 11803 5028 8644 4456 4504 2731 8559 5374 6930 7910 7152 3671 6876 5546 8103 9066 6087 3301 4160 9181 6815 5734 -1 5949 7698 5513 8790 6556 4995 9255 7852 7870 9527 6568 8942 7177 0 5532 11234 7586 14174 6258 8471 7184 6481 9005 7930 -1 4827
3501 7085 1699 5975 4801 1175 5206 4251 3369 4318 2730 2844 3849 2568 5782 4774 7928 6419 3479 831 5948 3675 2941 -1 3327 4129 5086 4482 3227 1666 5521 4712 3562 6214 4238 5887 1997 5499 0 8053 5174 11045 4729 5142 3826 2173 5830 5925 -1 3619
2329 1631 4022 7944 5759 7257 4034 7859 4674 6230 4632 6452 3255 6176 8105 6939 8382 5387 5220 6913 3866 5998 4843 -1 3569 7282 6816 8090 5904 7558 9129 7035 7170 9367 8487 7430 7606 3181 6835 0 6647 12524 3878 7420 4804 5781 7904 7230 -1 2447
932 7959 2449 4867 4362 5538 2637 6462 1597 4511 3551 261 1858 3123 6532 6634 5345 3990 337 5194 3561 4425 3762 -1 2172 1546 5419 6693 3860 3273 3134 5462 5062 3631 5087 5024 4904 3078 5438 6328 0 8031 1214 3417 311 4384 7077 4012 -1 1050
3588 10596 1841 4488 3809 3094 4768 7089 4253 2067 6477 3948 4514 4957 5045 7727 4761 6646 4024 2750 7248 3817 5087 -1 4828 5233 4866 7320 5135 3585 6821 4854 2075 7318 6157 5251 5744 5734 4885 8965 3687 0 4883 6643 3980 5011 4343 4239 -1 3706
3701 10728 5086 7606 7131 8307 5406 9231 4366 7280 6320 3030 4627 4199 8163 9156 8114 6759 3106 7963 6330 7062 2619 -1 4941 4315 8188 6113 6629 6042 5903 8099 5193 6400 7856 7518 7673 5847 8207 9097 2769 10800 0 6186 3080 3804 7461 6781 -1 3819
5240 4542 2660 6430 3452 2737 6712 6860 4931 1710 6589 3299 3606 3023 6743 7980 8383 7996 3236 2393 6403 4636 4730 -1 4889 4584 4509 4937 4789 2627 5976 5673 4017 6669 5800 4894 6417 6092 4528 2911 5629 11500 6309 0 5940 2628 6285 3882 -1 4878
621 7715 2138 4556 4051 5227 2326 6151 1286 4200 5326 3933 1547 2812 6221 8119 6674 3679 3512 4883 5093 4114 3522 -1 1861 5218 5108 6382 4196 5674 6806 5151 4751 7303 6779 4713 4593 2767 5127 8352 3672 7720 903 5712 0 4073 7019 3701 -1 739
2902 9996 1282 3802 4785 4928 4607 6403 3567 3901 4541 3262 3828 4720 4359 6848 7286 5674 3338 4584 3775 3258 4752 -1 4142 4547 4669 2309 4449 4818 3348 4295 1389 4126 7579 3714 5185 5048 4688 8406 3001 11032 4215 5957 3312 0 3657 6073 -1 3020
2646 7581 1950 4470 3432 4040 4311 2746 3413 3013 3226 1339 2982 1063 4477 6020 6423 5704 4006 3696 4443 2370 3437 -1 892 2624 4489 2977 792 3930 4016 3407 2057 4709 7103 4382 2493 3064 3814 6603 3669 9540 3030 6479 2127 668 0 5185 -1 2764
4364 9707 3700 8299 5473 4758 5602 8783 5029 3731 5352 4583 1255 5044 5195 4418 5193 6835 2903 4414 4885 3088 4674 -1 4943 5282 6530 6958 4843 4648 4458 4125 6038 6544 6170 1012 4619 5451 4532 8178 5916 11133 4646 5267 3743 4649 6981 0 -1 4482
-1 -1 -1 -1 -1 -1 -1 -1 -1 -1 -1 -1 -1 -1 -1 -1 -1 -1 -1 -1 -1 -1 -1 -1 -1 -1 -1 -1 -1 -1 -1 -1 -1 -1 -1 -1 -1 -1 -1 -1 -1 -1 -1 -1 -1 -1 -1 -1 -1 -1
2754 9515 1575 6689 4504 5221 2779 6129 3419 4194 5120 4139 2000 4921 5658 7427 5935 4132 4537 4877 4354 3551 4050 -1 1122 5424 4962 6835 3457 5111 7012 4588 5149 7509 6643 6987 5478 2680 4981 7884 4200 10077 1431 4973 2357 4526 6674 5975 -1 0
1319 6638 4990 5649 3921 5340 1088 1269 2842 5567 4613 864 3197 4329 5559 4199 5166 6092 6072 6449 2783 -1 5542 992 5142 -1 4846 1577 7716 3268 6142 4615 2251 4251 6784 3942 1713 5636 5280 -1 3848 2843 5667 4515 4551 3006 2884 4135 6801 3732
7578 9108 9433 9334 7606 8471 7347 5848 4802 5189 8908 5443 6882 8860 9244 8895 5539 9538 9444 9895 7314 -1 11801 5571 9150 -1 8691 7836 9040 7847 8718 5741 6830 7271 9368 6407 6292 7328 7240 -1 8109 6528 8679 4137 7127 7585 2506 9275 10163 9991
4235 5273 5833 5312 4006 3647 5566 4949 5131 5398 7641 4662 3282 6452 5644 2506 4066 6136 4379 6493 4906 -1 10902 4672 4445 -1 4473 4470 6329 4296 7073 3333 4386 5626 7486 5775 4990 5584 7569 -1 4456 4856 3974 4346 3590 6686 2715 4943 6845 6862
3488 6664 4876 4777 3049 6211 4864 3365 4623 6766 6930 4640 2325 5009 4687 5398 1853 3923 3555 4280 3463 -1 9318 4768 4876 -1 4134 2257 4943 6590 7112 2055 4237 4931 7525 5814 3307 4306 7061 -1 4423 2643 4405 6657 1377 5102 5026 4423 4632 6342
3371 5305 4759 4660 2932 4418 4659 3248 4506 6649 3280 4523 2208 4892 4570 4133 1736 3532 3438 3889 3346 -1 9201 4651 4485 -1 4017 2140 4826 5067 2712 1938 1430 1265 7553 7260 3190 4189 6944 -1 4306 2526 4014 5973 1260 4985 4342 4032 4241 5951
5504 11151 10958 9685 9884 9525 8309 7930 11009 11276 11126 9205 9160 9937 11522 8384 9582 10915 10257 9484 8391 -1 13883 9333 10323 -1 8846 9620 12207 10174 10558 6818 9276 9111 10971 9260 8475 9069 12621 -1 9186 10203 9852 9389 9106 9667 8593 7841 4861 9760
3297 6936 5288 5947 4219 6049 3066 1567 4820 6213 4911 1162 3495 6307 5857 5858 3461 5257 5163 5614 4761 -1 7520 1290 5440 -1 5144 3555 6551 3566 4437 3663 2549 2990 7894 5920 2011 5914 7258 -1 5826 3141 5739 6493 2846 3304 4862 5633 5882 5710
3786 6962 5174 5075 3347 5582 4415 3878 7029 6535 6467 3728 2623 3087 4985 4441 6015 5518 6314 5875 3579 -1 9729 3856 6380 -1 4432 2770 7451 6132 7003 5268 5115 5444 8275 7710 3663 4473 9467 -1 2685 2269 5909 2578 5412 5615 4077 6018 6227 2569
5831 8461 8146 5863 5392 6835 5961 5131 5410 3570 7498 5737 5595 4340 7957 5694 3920 7193 6825 7550 5229 -1 10415 5865 7633 -1 7404 4023 8213 7484 10261 4122 7124 6697 5251 3540 5313 6373 7848 -1 6490 5830 7162 6961 4647 6292 5330 7693 7902 8605
3779 6479 6501 5479 4674 5198 3548 4624 5026 6791 5022 4523 3950 3833 6312 4057 3478 4811 5180 5168 2287 -1 10475 4651 5764 -1 5759 3516 6568 5671 4454 714 3172 3007 4867 3156 2371 2965 7464 -1 3082 4268 5293 5897 3002 5908 4266 5311 5520 6192
2090 5480 3692 3593 1865 6111 1859 360 3613 2843 5384 1635 1141 5100 3503 4970 3193 4036 6843 4393 3554 -1 6313 1763 4989 -1 2950 2348 3759 4039 6913 3395 3022 5022 6687 4713 2484 5646 6051 -1 4619 3614 4518 5286 5322 2097 3655 3994 4745 4503
2780 8191 6982 1722 5122 6565 2549 3650 6885 6133 7266 3517 4431 4070 6793 5424 5947 7326 7297 7683 4244 -1 9585 3645 7334 -1 883 3038 7049 5921 7148 6149 4904 5330 9950 5996 2396 7097 6180 -1 5309 5496 6892 5976 5471 5387 4345 4570 8035 5193
5522 5712 9506 4759 7679 4825 5291 6174 9427 8657 3687 5840 6955 7107 8105 7799 8984 9252 9672 9609 6986 -1 12127 5968 9738 -1 3920 5780 9573 5474 8576 8133 5564 8367 12501 9439 5138 9839 8922 -1 8051 7819 9267 8718 8508 7911 7087 6738 9961 7935
6341 3689 8332 5322 8252 6947 6110 4611 4417 9257 8523 5886 7528 7670 6082 7692 7380 10403 7679 10380 7158 -1 10564 6014 3731 -1 5234 6599 10472 7596 10521 7582 7273 6177 10049 8964 4930 8052 6855 -1 6264 7174 3260 8870 6904 6348 7906 4229 10732 6148
3797 5731 5185 5086 3358 4844 5085 3674 4932 7004 3706 4736 2634 5318 4996 4559 2162 3958 3864 4315 3772 -1 9627 4864 4911 -1 4443 2566 5252 5493 3138 2364 1856 1691 7979 6974 3616 3178 7370 -1 4732 2952 4440 6399 1686 5411 4768 4458 4667 6377
4555 7971 6183 6084 4356 8576 4324 5697 6660 8803 9041 5292 3632 7565 5994 7435 8995 5021 9308 5378 6019 -1 11650 5420 5974 -1 5441 4813 10952 7696 8923 7376 6679 7469 9284 8749 4171 8872 7955 -1 7084 6097 5503 7751 8519 7316 6120 5521 5730 6968
4839 8015 2160 6128 4400 8655 5187 3688 5542 7398 8712 4963 3676 6160 6038 3952 7543 6571 9245 6928 4614 -1 9641 5091 7524 -1 5485 3408 6294 7367 8519 4779 6350 5254 8932 7221 4698 6318 6994 -1 7147 6528 7053 6346 6959 5425 4715 6529 6757 7831
4622 7322 6685 4426 5517 6041 4391 2964 5869 7610 5865 4239 4793 4676 7155 4900 4321 5654 6023 6011 3130 -1 8917 4367 2084 -1 3587 4359 7411 6514 5297 1557 4015 3850 5710 3999 3214 3808 7362 -1 3925 5111 6136 6740 3845 4701 5109 2582 6363 4501
5197 8242 8601 6342 6975 6616 4966 4880 8100 8367 9322 6155 6251 8347 8613 5475 7035 9105 7348 6141 7427 -1 10833 6283 7414 -1 5503 6868 9298 7265 10042 6302 7355 6446 10455 8744 7004 8321 9278 -1 6533 6860 6943 7315 6559 6617 5684 4498 6493 6417
3096 5796 6701 5930 4202 4515 2865 3941 5999 6108 7221 3840 4150 3150 6512 3374 3338 7004 5247 7361 1604 -1 9792 3968 5313 -1 5341 2833 7197 4988 7941 31 5227 5507 7789 6078 1688 2282 8437 -1 2399 4242 4842 5214 2862 5678 3583 5811 5205 5509
2856 6246 4458 4359 2631 5504 2625 1126 4379 3609 6150 2401 1907 5866 4269 5736 3959 4802 6236 5159 4320 -1 7079 2529 5755 -1 3716 3114 4525 4805 7679 4161 3788 5788 7453 5479 3250 6412 6817 -1 5385 4380 5284 6052 5461 2863 4421 4760 5511 5269
2259 3297 3857 3336 2030 1671 3590 2973 3155 3422 5665 2686 1306 4476 3668 530 2104 4201 2403 4558 2930 -1 8926 2696 2469 -1 2497 4127 4353 2320 5097 1357 2410 3650 5510 3799 3014 3608 5593 -1 2480 3008 1998 2370 1628 4710 739 2967 4910 4886
2093 5269 3481 3382 1654 6114 4405 3676 5464 7611 8700 4951 930 5730 3292 4973 6533 3825 6846 4182 6100 -1 9629 5079 4778 -1 2739 4894 3548 6763 8088 4882 6338 5731 6582 7553 3046 7133 7902 -1 5070 4901 4307 6080 6057 5413 4928 3783 4534 5702
-1 -1 -1 -1 -1 -1 -1 -1 -1 -1 -1 -1 -1 -1 -1 -1 -1 -1 -1 -1 -1 -1 -1 -1 -1 -1 -1 -1 -1 -1 -1 -1 -1 -1 -1 -1 -1 -1 -1 -1 -1 -1 -1 -1 -1 -1 -1 -1 -1 -1
3175 7210 5166 5869 4141 5584 2944 1445 4698 4327 6469 2720 5053 3089 7415 4443 4677 5278 6316 5635 1543 -1 7398 2848 6231 -1 6051 337 8178 4670 7856 4879 4107 3011 7631 5798 1627 7130 7136 -1 5704 4699 5760 3275 5541 3182 1644 5046 5987 5588
1495 7142 6240 6155 5289 5516 1264 2637 5890 5743 5981 2232 4565 4505 6927 4375 5935 6694 6248 7051 2959 -1 8590 2360 6314 -1 5316 1753 7892 4636 5863 5202 3619 4427 8964 6990 1111 5812 4895 -1 4024 4211 5843 4691 5459 4256 3060 4311 7403 3908
2314 5490 3702 3603 1875 5365 3690 2191 3449 5592 5756 3466 1151 3835 3513 4224 679 2749 2381 3106 2289 -1 8144 3594 3702 -1 2960 1083 3769 5416 7012 881 3063 3757 6803 6477 2133 3132 5887 -1 3249 1469 3231 5483 203 3928 3852 3249 3458 5168
3719 6486 6053 3700 3280 4860 4220 2721 3247 5204 7353 3996 3502 2365 5864 3719 5293 6397 5592 6754 5757 -1 8674 4124 2330 -1 3833 4709 6120 5509 8286 4546 5383 4776 3088 6988 4672 6651 5685 -1 4863 5975 5187 5559 4817 4235 3928 2828 7106 4747
2245 4875 5266 3534 1806 3249 2942 1545 4696 4427 6467 2718 2884 754 5246 2108 3682 5378 3981 5735 1643 -1 7396 2846 4047 -1 4075 437 5931 3898 6675 2935 3988 3111 7088 5377 1727 5186 7134 -1 4058 3276 3576 3375 3206 3282 1744 4545 6087 5586
2261 5306 5866 5345 4039 3680 2030 4982 5164 5431 6386 4695 3315 6485 5677 2539 4099 6169 4412 6526 4939 -1 10935 4705 4478 -1 4506 4503 6362 4329 7106 3366 4419 5659 7519 5808 5023 5617 7602 -1 4489 4889 4007 4379 3623 6719 2748 4976 6878 4674
2688 5318 4885 3541 2249 3692 3052 1553 4806 4036 6577 2828 2334 1197 4696 2551 4125 5229 4424 5586 4747 -1 7506 2956 4490 -1 2702 3541 4952 4341 7118 3378 4215 3645 7531 5820 3641 5629 6477 -1 4501 4807 4019 4391 3649 3290 2760 1697 5938 5696
1222 6664 4876 2299 3049 634 3126 1983 2118 4466 4776 1649 2325 4388 4687 4102 1067 5028 1366 5385 2842 -1 7936 1777 1432 -1 1460 3090 5382 1283 4208 1269 1373 2761 7033 6336 2498 3520 4556 -1 3637 1971 961 5942 591 3720 4311 1930 5737 3849
2603 7020 4823 3595 3405 6309 2601 1102 2890 5037 6126 2377 2681 3814 5043 5168 4266 1251 5968 1608 4296 -1 7055 2505 2204 -1 2756 3090 7356 4781 5514 3606 3764 3699 7429 4979 3226 5574 5328 -1 3786 2327 1733 3985 3790 2839 2354 1751 1960 3670
4222 8762 8247 7326 7178 8243 3991 4526 7779 6845 7870 4121 6454 7232 8816 7102 7195 9349 8975 9706 5686 -1 10479 4249 7968 -1 6487 4480 10619 6525 9399 7397 5508 6980 10755 6185 4970 5248 2810 -1 6751 6100 8570 7418 7808 6263 5787 7038 10058 6635
2568 6207 4559 5218 3490 5320 2337 838 4091 5478 4182 433 2766 5578 5128 5448 4735 5661 6437 6018 4032 -1 6791 561 4280 -1 4415 2826 7825 2837 5711 3753 1820 3292 7159 5191 1282 6004 6529 -1 3697 2412 6143 5764 4120 2575 4133 4778 6370 4981
2314 7961 4814 2295 1875 5511 6120 4999 1842 6302 5948 5591 5780 4643 8142 5194 6520 6745 7067 7102 6461 -1 10482 5719 7133 -1 4454 5255 7997 6160 9761 6021 6250 7091 1683 7655 3267 6718 4280 -1 7144 7310 6662 7034 6044 2830 5403 5143 7454 8308
2823 6213 4425 3501 2598 6844 2592 1093 4346 3576 6117 2368 1874 5833 4236 5703 3926 4769 7576 5126 4287 -1 7046 2496 5637 -1 2662 3081 4492 4772 7646 4128 3755 3605 7420 5446 3217 6379 6437 -1 5352 4347 5251 6019 6055 2830 4388 1657 5478 5236
6028 9383 8019 8104 6950 6921 5797 4298 3252 3639 7358 3893 6226 7310 8588 7345 3989 7988 7894 8345 5764 -1 10251 4021 8171 -1 7265 6286 7490 6297 7168 4191 5280 5721 10625 4857 4742 6442 5690 -1 6559 5872 8470 2587 5577 6035 956 7725 8613 8441
3081 6257 4469 4370 2642 5346 3696 3090 3430 5573 5737 4365 1918 3981 4280 4205 660 4813 6078 5170 2435 -1 9043 4493 5766 -1 3727 3664 6489 5819 7513 862 5752 5602 7570 6909 2519 3113 5868 -1 3230 1564 5295 6045 184 4827 4414 3654 5522 6340
3648 8967 7319 7978 6250 7669 3417 3598 5171 6820 6942 3193 5526 6658 7888 6528 7170 6887 8401 7244 5112 -1 7871 3321 7471 -1 7175 3906 8391 5597 8471 6944 4580 6580 9113 6271 4042 7965 7609 -1 6177 5172 7369 5768 6880 5335 4137 6464 7596 6061
2251 6493 4242 1983 4853 6096 2020 521 3774 5167 5545 1796 4129 4331 6491 4955 5517 6313 6828 6478 3068 -1 6474 1924 6074 -1 1144 2509 7310 4200 7074 5225 3183 2087 6707 4874 2645 3962 4919 -1 2174 3775 6383 5447 5483 2258 3816 139 6830 2058
1467 7114 6898 5670 5480 5488 4676 3177 4965 7112 7089 4452 4756 5889 7118 4347 5545 3326 6220 3683 4354 -1 9130 4055 4279 -1 4831 5165 8170 6137 6521 2781 5239 5074 6934 5223 4438 5032 7403 -1 5149 4402 3808 6060 5069 4914 4429 3826 824 5745
4712 7888 6100 4752 4273 8733 4789 3290 6543 7936 8314 4565 3549 7100 5911 7592 8286 6444 9465 6801 5837 -1 9243 4693 7397 -1 3913 5278 6167 6969 9843 7501 5952 4856 9201 7643 5414 6731 7688 -1 4943 6544 6926 8216 8252 5027 6585 2908 7153 4827
3536 6712 4924 4825 3097 6307 4657 5119 3187 8058 6732 5871 2373 5543 4735 1597 5188 5268 6890 5625 3997 -1 10782 5999 6221 -1 4182 5226 8278 5505 6164 2424 4882 4717 6577 4866 4081 4675 5625 -1 4792 4173 5750 7006 4604 6856 5375 5768 5977 7301
1940 6501 3931 5655 4542 5785 1709 210 3463 4856 5234 1485 3818 4950 6180 4644 5206 6002 6517 6359 3404 -1 6163 1613 5763 -1 4816 2198 7070 3889 6763 4914 2872 1776 6396 4563 2334 6257 5901 -1 4469 3464 6072 5136 5172 1947 3505 3811 6711 4353
908 6555 2296 2197 469 4929 3990 2491 4279 6426 7515 3766 4070 4545 6432 3788 5348 2640 5661 2997 5685 -1 8444 3894 3593 -1 4145 4479 7611 5578 6903 4615 5153 5088 5397 6368 1861 6454 6717 -1 3885 3716 3122 5374 4872 4228 3743 3140 3349 5059
1576 4752 2964 2865 1137 4041 2476 2337 4947 5219 6669 3510 413 1546 2775 2900 4474 3308 4773 3665 2435 -1 8188 3638 4261 -1 2222 1229 6723 4690 6144 3727 4780 3903 6065 2711 2519 5978 7385 -1 4553 59 3790 4167 3998 4074 2536 3808 4017 5120
3326 6385 5720 3307 2887 4759 5452 3953 2854 6510 4942 5228 4394 5597 6756 3618 5192 7289 5491 7646 4051 -1 9906 5356 5557 -1 5175 2845 7441 5408 8185 4445 5498 5519 2695 984 4135 6696 5292 -1 5568 6096 5086 5458 4716 3736 3827 6055 7998 7974
-1 -1 -1 -1 -1 -1 -1 -1 -1 -1 -1 -1 -1 -1 -1 -1 -1 -1 -1 -1 -1 -1 -1 -1 -1 -1 -1 -1 -1 -1 -1 -1 -1 -1 -1 -1 -1 -1 -1 -1 -1 -1 -1 -1 -1 -1 -1 -1 -1 -1
1201 6848 6064 5861 4995 5222 970 2343 5596 5449 5687 1938 4271 4211 6633 4081 5641 6400 5954 6757 2665 -1 8296 2066 6020 -1 5022 1459 7598 4342 7216 4908 3325 4133 8670 6696 2749 5518 8034 -1 3730 3917 5549 4397 5165 4080 2766 4017 7109 3614
